A4BD    005025  101011   1
A4BDX   005024  101011   1
A6BD    005015  101011   1
A6BDX   005014  101011   1
A9BD    005005  101011   1
A9BDX   005004  101011   1
AAR     005604  100011   2
AAR0    005604  100011   1
AAR1    005614  100011   1
AAR2    005624  100011   1
AAR3    005634  100011   1
AAR4    005644  100011   1
AAR5    005654  100011   1
AAR6    005664  100011   1
AAR7    005674  100011   1
ABD     005035  101011   1
ABDX    005034  101011   1
AD2D    002024  101011  27
AD3D    002224  110011  27
ADA     000750  100011   1
ADAQ    000770  100011   1
ADE     004150  100011   1
ADL     000330  100011   1
ADLA    000350  100011   1
ADLAQ   000370  100011   1
ADLQ    000360  100011   1
ADLX    000200  100011   2
ADLX0   000200  100011   1
ADLX1   000210  100011   1
ADLX2   000220  100011   1
ADLX3   000230  100011   1
ADLX4   000240  100011   1
ADLX5   000250  100011   1
ADLX6   000260  100011   1
ADLX7   000270  100011   1
ADQ     000760  100011   1
ADSC4   000002  000011  29
ADSC4X  000002  001011  29
ADSC6   000001  000011  29
ADSC6X  000001  001011  29
ADSC9   000000  100011  29
ADSC9X  000000  101011  29
ADX     000600  100011   2
ADX0    000600  100011   1
ADX1    000610  100011   1
ADX2    000620  100011   1
ADX3    000630  100011   1
ADX4    000640  100011   1
ADX5    000650  100011   1
ADX6    000660  100011   1
ADX7    000670  100011   1
ALR     007750  100011   1
ALS     007350  100011   1
ANA     003750  100011   1
ANAQ    003770  100011   1
ANQ     003760  100011   1
ANSA    003550  100011   1
ANSQ    003560  100011   1
ANSX    003400  100011   2
ANSX0   003400  100011   1
ANSX1   003410  100011   1
ANSX2   003420  100011   1
ANSX3   003430  100011   1
ANSX4   003440  100011   1
ANSX5   003450  100011   1
ANSX6   003460  100011   1
ANSX7   003470  100011   1
ANX     003600  100011   2
ANX0    003600  100011   1
ANX1    003610  100011   1
ANX2    003620  100011   1
ANX3    003630  100011   1
ANX4    003640  100011   1
ANX5    003650  100011   1
ANX6    003660  100011   1
ANX7    003670  100011   1
AOS     000540  100011   1
ARA     005404  100011   2
ARA0    005404  100011   1
ARA1    005414  100011   1
ARA2    005424  100011   1
ARA3    005434  100011   1
ARA4    005444  100011   1
ARA5    005454  100011   1
ARA6    005464  100011   1
ARA7    005474  100011   1
ARG     000000  100011   1
ARL     007710  100011   1
ARN     006404  100011   2
ARN0    006404  100011   1
ARN1    006414  100011   1
ARN2    006424  100011   1
ARN3    006434  100011   1
ARN4    006444  100011   1
ARN5    006454  100011   1
ARN6    006464  100011   1
ARN7    006474  100011   1
ARS     007310  100011   1
ASA     000550  100011   1
ASCII   000002  000001  15
ASCNT   000000  000011  32
ASQ     000560  100011   1
ASX     000400  100011   2
ASX0    000400  100011   1
ASX1    000410  100011   1
ASX2    000420  100011   1
ASX3    000430  100011   1
ASX4    000440  100011   1
ASX5    000450  100011   1
ASX6    000460  100011   1
ASX7    000470  100011   1
AWCA    000710  100011   1
AWCQ    000720  100011   1
AWD     005075  101011   1
AWDX    005074  101011   1
BCD     005050  100011   1
BCI     000000  001001  15
BDSC    000000  000011  28
BDSCX   000000  001011  28
BFS     000000  000010  24
BLOCK   000004  000000   7
BOOL    400000  010010  13
BSS     000000  000011  24
BTD     003014  100011  27
CAMP    005324  100011   1
CANA    003150  100011   1
CANAQ   003170  100011   1
CANQ    003160  100011   1
CANX    003000  100011   2
CANX0   003000  100011   1
CANX1   003010  100011   1
CANX2   003020  100011   1
CANX3   003030  100011   1
CANX4   003040  100011   1
CANX5   003050  100011   1
CANX6   003060  100011   1
CANX7   003070  100011   1
CCAC    000114  100011   1
CIOC    000150  100011   1
CMG     004050  100011   1
CMK     002110  100011   1
CMPA    001150  100011   1
CMPAQ   001170  100011   1
CMPB    000664  100011  27
CMPC    001064  001011  27
CMPN    003034  101011  27
CMPQ    001160  100011   1
CMPX    001000  100011   2
CMPX0   001000  100011   1
CMPX1   001010  100011   1
CMPX2   001020  100011   1
CMPX3   001030  100011   1
CMPX4   001040  100011   1
CMPX5   001050  100011   1
CMPX6   001060  100011   1
CMPX7   001070  100011   1
CNAA    002150  100011   1
CNAAQ   002170  100011   1
CNAQ    002160  100011   1
CNAX    002000  100011   2
CNAX0   002000  100011   1
CNAX1   002010  100011   1
CNAX2   002020  100011   1
CNAX3   002030  100011   1
CNAX4   002040  100011   1
CNAX5   002050  100011   1
CNAX6   002060  100011   1
CNAX7   002070  100011   1
CPR     000000  000000   0
CPRU    000000  000000   0
CRSM    000004  000000  39
CSL     000604  011011  27
CSR     000614  011011  27
CVEC    001000  000111  34
CWL     001110  100011   1
DATE    000000  000011  44
DDSC    000001  110011  35
DDSCW   000003  110011  35
DEC     000000  000001  16
DELM    000000  000000   0
DETAIL  000000  000000  39
DFAD    004770  100011   1
DFCMG   004270  100011   1
DFCMP   005170  100011   1
DFDI    005270  100011   1
DFDV    005670  100011   1
DFLD    004330  100011   1
DFLP    005320  100011   1
DFMP    004630  100011   1
DFRD    004730  100011   1
DFSB    005770  100011   1
DFSBI   004670  100011   1
DFST    004570  100011   1
DFSTR   004720  100011   1
DIS     006160  100011   1
DIV     005060  100011   1
DLDSC   000005  110011  35
DRL     000020  100011   1
DTB     003054  010011  27
DUFA    004370  100011   1
DUFM    004230  100011   1
DUFS    005370  100011   1
DUP     000000  000001  19
DV2D    002074  101011  27
DV3D    002274  110011  27
DVF     005070  100011   1
EAA     006350  100011   1
EAQ     006360  100011   1
EAX     006200  100011   2
EAX0    006200  100011   1
EAX1    006210  100011   1
EAX2    006220  100011   1
EAX3    006230  100011   1
EAX4    006240  100011   1
EAX5    006250  100011   1
EAX6    006260  100011   1
EAX7    006270  100011   1
EBCDIC  000001  000001  15
EDEC    000000  000011  42
EDITP   000000  000000   0
EDSC16  000010  100011  36
EDSC24  000011  100011  36
EDSC64  000013  100011  36
EIGHT   000010  000000  11
EJECT   000000  000000   8
END     000000  000001   9
ENDM    000000  000000   0
ENTDEF  104401  000000  14
ENTER   000020  001011  26
ENTREF  001001  001000  14
EPAT    004124  100011   1
EPPR    006304  100011   2
EPPR0   006304  100011   1
EPPR1   006314  100011   1
EPPR2   006324  100011   1
EPPR3   006334  100011   1
EPPR4   006344  100011   1
EPPR5   006354  100011   1
EPPR6   006364  100011   1
EPPR7   006374  100011   1
EQU     400000  000010  13
ERA     006750  100011   1
ERAQ    006770  100011   1
ERQ     006760  100011   1
ERSA    006550  100011   1
ERSQ    006560  100011   1
ERSX    006400  100011   2
ERSX0   006400  100011   1
ERSX1   006410  100011   1
ERSX2   006420  100011   1
ERSX3   006430  100011   1
ERSX4   006440  100011   1
ERSX5   006450  100011   1
ERSX6   006460  100011   1
ERSX7   006470  100011   1
ERX     006600  100011   2
ERX0    006600  100011   1
ERX1    006610  100011   1
ERX2    006620  100011   1
ERX3    006630  100011   1
ERX4    006640  100011   1
ERX5    006650  100011   1
ERX6    006660  100011   1
ERX7    006670  100011   1
ETC     000000  000000   0
EVEN    000002  000000  11
EXIT    000001  000011  26
FAD     004750  100011   1
FCMG    004250  100011   1
FCMP    005150  100011   1
FDI     005250  100011   1
FDV     005650  100011   1
FLD     004310  100011   1
FLOAT   000005  000000  39
FLP     005300  100011   1
FMP     004610  100011   1
FNEG    005130  100011   6
FNO     005730  100011   6
FRAN    003624  100011   1
FRD     004710  100011   6
FSB     005750  100011   1
FSBI    004650  100011   1
FST     004550  100011   1
FSTR    004700  100011   1
FSZN    004300  100011   1
FTR     004740  100011   6
FVEC    001003  000111  34
FVECB   001003  100111  34
GOTO    000023  001011  26
GTB     007740  100011   1
HEXFP   000003  000000  39
IDRP    000000  000000  37
IDSC    000007  110011  35
IFE     000000  000000  22
IFG     000001  000000  22
IFL     000002  000000  22
INE     000003  000000  22
INHIB   000000  000000  10
IONTP   000003  000011  23
IOTD    000000  000011  23
IOTP    000001  000011  23
LAR     007604  100011   2
LAR0    007604  100011   1
LAR1    007614  100011   1
LAR2    007624  100011   1
LAR3    007634  100011   1
LAR4    007644  100011   1
LAR5    007654  100011   1
LAR6    007664  100011   1
LAR7    007674  100011   1
LAREG   004634  100011   1
LBL     000000  000100   0
LCA     003350  100011   1
LCAQ    003370  100011   1
LCCL    000570  100011   1
LCON    000160  100011   1
LCPR    006740  110011   1
LCQ     003360  100011   1
LCX     003200  100011   2
LCX0    003200  100011   1
LCX1    003210  100011   1
LCX2    003220  100011   1
LCX3    003230  100011   1
LCX4    003240  100011   1
LCX5    003250  100011   1
LCX6    003260  100011   1
LCX7    003270  100011   1
LDA     002350  100011   1
LDAC    000340  100011   1
LDAQ    002370  100011   1
LDAS    007704  100011   1
LDD     006704  100011   2
LDD0    006704  100011   1
LDD1    006714  100011   1
LDD2    006724  100011   1
LDD3    006734  100011   1
LDD4    006744  100011   1
LDD5    006754  100011   1
LDD6    006764  100011   1
LDD7    006774  100011   1
LDDSA   001704  100011   1
LDDSD   005714  100011   1
LDE     004110  100011   1
LDEA    006104  100011   2
LDEA0   006104  100011   1
LDEA1   006114  100011   1
LDEA2   006124  100011   1
LDEA3   006134  100011   1
LDEA4   006144  100011   1
LDEA5   006154  100011   1
LDEA6   006164  100011   1
LDEA7   006174  100011   1
LDI     006340  100011   1
LDO     001724  100011   1
LDP     004704  100011   2
LDP0    004704  100011   1
LDP1    004714  100011   1
LDP2    004724  100011   1
LDP3    004734  100011   1
LDP4    004744  100011   1
LDP5    004754  100011   1
LDP6    004764  100011   1
LDP7    004774  100011   1
LDPS    007714  100011   1
LDQ     002360  100011   1
LDQC    000320  100011   1
LDSS    007734  100011   1
LDT     006370  100011   1
LDWS    007724  100011   1
LDX     002200  100011   2
LDX0    002200  100011   1
LDX1    002210  100011   1
LDX2    002220  100011   1
LDX3    002230  100011   1
LDX4    002240  100011   1
LDX5    002250  100011   1
LDX6    002260  100011   1
LDX7    002270  100011   1
LIMR    005530  100011   1
LIST    000001  000000  39
LIT     000000  000000  45
LLR     007770  100011   1
LLS     007370  100011   1
LLUF    006740  100011   1
LODM    000000  000000  41
LPDBR   001714  100011   1
LPL     004674  100011   1
LREG    000730  100011   1
LRL     007730  100011   1
LRS     007330  100011   1
LXL     007200  100011   2
LXL0    007200  100011   1
LXL1    007210  100011   1
LXL2    007220  100011   1
LXL3    007230  100011   1
LXL4    007240  100011   1
LXL5    007250  100011   1
LXL6    007260  100011   1
LXL7    007270  100011   1
MACRO   000000  000000  20
MARK    000000  000100   0
MAXSZ   000000  000000   0
MICROP  000000  000011  31
MLR     001004  001011  27
MME     000010  100011   1
MP2D    002064  101011  27
MP3D    002264  110011  27
MPF     004010  100011   1
MPY     004020  100011   1
MRL     001014  001011  27
MVE     000204  010011  27
MVN     003004  101011  27
MVNE    000244  010011  27
MVT     001604  001011  27
NAR     006604  100011   2
NAR0    006604  100011   1
NAR1    006614  100011   1
NAR2    006624  100011   1
NAR3    006634  100011   1
NAR4    006644  100011   1
NAR5    006654  100011   1
NAR6    006664  100011   1
NAR7    006674  100011   1
NDSC4   000001  000011  30
NDSC4X  000001  001011  30
NDSC9   000000  000011  30
NDSC9X  000000  001011  30
NEG     005310  000011   6
NEGL    005330  000011   6
NONOP   000000  000001   0
NOP     000110  100011   1
NULL    000000  000001   0
OCT     000000  010001  16
ODD     000002  010000  11
ODSB    000001  000011  35
ODSBW   000001  000011  35
ODSC    000000  110011  35
ODSCW   000000  110011  35
OPD     000001  000010  18
OPSYN   000000  000000  38
ORA     002750  100011   1
ORAQ    002770  100011   1
ORG     000000  000010  12
ORGCSM  000000  000000  43
ORQ     002760  100011   1
ORSA    002550  100011   1
ORSQ    002560  100011   1
ORSX    002400  100011   2
ORSX0   002400  100011   1
ORSX1   002410  100011   1
ORSX2   002420  100011   1
ORSX3   002430  100011   1
ORSX4   002440  100011   1
ORSX5   002450  100011   1
ORSX6   002460  100011   1
ORSX7   002470  100011   1
ORX     002600  100011   2
ORX0    002600  100011   1
ORX1    002610  100011   1
ORX2    002620  100011   1
ORX3    002630  100011   1
ORX4    002640  100011   1
ORX5    002650  100011   1
ORX6    002660  100011   1
ORX7    002670  100011   1
OUNAME  000000  000000  40
PAGE    002000  000000  11
PAS     001764  100011   1
PASS    000022  001011  26
PCC     000006  000000  39
PMC     000002  000000  39
PMME    000000  000111  26
PTR     000000  000011  33
PULS1   000120  100011   1
PULS2   000130  100011   1
QFAD    004760  100011   1
QFLD    004320  100011   1
QFMP    004620  100011   1
QFSB    005760  100011   1
QFST    004530  100011   1
QFSTR   004660  100011   1
QLR     007760  100011   1
QLS     007360  100011   1
QRL     007720  100011   1
QRS     007320  100011   1
QSMP    004600  100011   1
RCCL    004130  100011   1
RCW     002500  100011   1
REF     000007  000000  39
REFMA   000010  000000  39
REM     000000  000000   0
RET     006300  100011   1
RIMR    002330  100011   1
RIW     004120  100011   1
RMCM    002330  100011   1
RMID    002730  100011   1
RMR     002700  100011   1
RPD     005600  111011   4
RPDA    005600  101011   4
RPDB    005600  011011   4
RPDX    005600  000011   5
RPL     005000  001111   4
RPN     003674  100011   1
RPT     005200  001011   4
RPTX    005200  000011   5
RRES    002310  100011   1
RSCR    004130  100011   1
RSW     002310  100011   1
S4BD    005225  101011   1
S4BDX   005224  101011   1
S6BD    005215  101011   1
S6BDX   005214  101011   1
S9BD    005205  101011   1
S9BDX   005204  101011   1
SAR     007404  100011   2
SAR0    007404  100011   1
SAR1    007414  100011   1
SAR2    007424  100011   1
SAR3    007434  100011   1
SAR4    007444  100011   1
SAR5    007454  100011   1
SAR6    007464  100011   1
SAR7    007474  100011   1
SAREG   004434  100011   1
SB2D    002034  101011  27
SB3D    002234  110011  27
SBA     001750  100011   1
SBAQ    001770  100011   1
SBD     005235  101011   1
SBDX    005234  101011   1
SBLA    001350  100011   1
SBLAQ   001370  100011   1
SBLQ    001360  100011   1
SBLX    001200  100011   2
SBLX0   001200  100011   1
SBLX1   001210  100011   1
SBLX2   001220  100011   1
SBLX3   001230  100011   1
SBLX4   001240  100011   1
SBLX5   001250  100011   1
SBLX6   001260  100011   1
SBLX7   001270  100011   1
SBQ     001760  100011   1
SBX     001600  100011   2
SBX0    001600  100011   1
SBX1    001610  100011   1
SBX2    001620  100011   1
SBX3    001630  100011   1
SBX4    001640  100011   1
SBX5    001650  100011   1
SBX6    001660  100011   1
SBX7    001670  100011   1
SCD     001204  001011  27
SCDR    001214  001011  27
SCM     001244  001011  27
SCMR    001254  001011  27
SCPR    004520  110011   1
SDR     001104  100011   2
SDR0    001104  100011   6
SDR1    001114  100011   6
SDR2    001124  100011   6
SDR3    001134  100011   6
SDR4    001144  100011   6
SDR5    001154  100011   6
SDR6    001164  100011   6
SDR7    001174  100011   6
SEGREF  003001  001000  14
SENTRF  001001  001100  14
SET     600000  000010  13
SETB    600000  010010  13
SFR     004520  100011   1
SIW     004510  100011   1
SMCM    005530  100011   1
SMIC    004510  100011   1
SMID    002720  100011   1
SMR     002710  100011   1
SPDBR   001514  100011   1
SPL     004474  100011   1
SREG    007530  100011   1
SSA     001550  100011   1
SSCR    000570  100011   1
SSEGRF  003001  001100  14
SSQ     001560  100011   1
SSX     001400  100011   2
SSX0    001400  100011   1
SSX1    001410  100011   1
SSX2    001420  100011   1
SSX3    001430  100011   1
SSX4    001440  100011   1
SSX5    001450  100011   1
SSX6    001460  100011   1
SSX7    001470  100011   1
SSYMRF  001401  001100  14
STA     007550  100011   1
STAQ    007570  100011   1
STAS    007504  100011   1
STBA    005510  110011   1
STBQ    005520  110011   1
STC1    005540  100011   1
STC2    007500  100011   1
STCA    007510  110011   1
STCQ    007520  110011   1
STD     000504  100011   2
STD0    000504  100011   1
STD1    000514  100011   1
STD2    000524  100011   1
STD3    000534  100011   1
STD4    000544  100011   1
STD5    000554  100011   1
STD6    000564  100011   1
STD7    000574  100011   1
STDSA   001504  100011   1
STDSD   005514  100011   1
STE     004560  100011   1
STI     007540  100011   1
STO     001524  100011   1
STP     004504  100011   2
STP0    004504  100011   1
STP1    004514  100011   1
STP2    004524  100011   1
STP3    004534  100011   1
STP4    004544  100011   1
STP5    004554  100011   1
STP6    004564  100011   1
STP7    004574  100011   1
STPDW   001554  100011   1
STPS    007514  100011   1
STPTW   001574  100011   1
STQ     007560  100011   1
STSS    007534  100011   1
STT     004540  100011   1
STWS    007524  100011   1
STX     007400  100011   2
STX0    007400  100011   1
STX1    007410  100011   1
STX2    007420  100011   1
STX3    007430  100011   1
STX4    007440  100011   1
STX5    007450  100011   1
STX6    007460  100011   1
STX7    007470  100011   1
STZ     004500  100011   1
SVEC    002002  011111  34
SVECB   002002  111111  34
SWCA    001710  100011   1
SWCQ    001720  100011   1
SWD     005275  101011   1
SWDX    005274  101011   1
SXL     004400  100011   2
SXL0    004400  100011   1
SXL1    004410  100011   1
SXL2    004420  100011   1
SXL3    004430  100011   1
SXL4    004440  100011   1
SXL5    004450  100011   1
SXL6    004460  100011   1
SXL7    004470  100011   1
SYMDEF  044401  000000  14
SYMREF  001401  001000  14
SYNC    000140  100011   1
SZN     002340  100011   1
SZNC    002140  100011   1
SZTL    000644  011011  27
SZTR    000654  011011  27
TALLY   000000  000011   3
TALLYB  000040  000011   3
TALLYC  000000  100011   3
TALLYD  000000  000011   3
TCT     001644  001011  27
TCTR    001654  001011  27
TDCW    000002  000011  23
TEO     006140  100011   1
TEU     006150  100011   1
TMI     006040  100011   1
TMOZ    006044  100011   1
TNC     006020  100011   1
TNZ     006010  100011   1
TOV     006170  100011   1
TPL     006050  100011   1
TPNZ    006054  100011   1
TRA     007100  100011   1
TRC     006030  100011   1
TRCT    005400  100011   2
TRCT0   005400  100011   1
TRCT1   005410  100011   1
TRCT2   005420  100011   1
TRCT3   005430  100011   1
TRCT4   005440  100011   1
TRCT5   005450  100011   1
TRCT6   005460  100011   1
TRCT7   005470  100011   1
TRTF    006014  100011   1
TRTN    006004  100011   1
TSS     007150  100011   1
TSX     007000  100011   2
TSX0    007000  100011   1
TSX1    007010  100011   1
TSX2    007020  100011   1
TSX3    007030  100011   1
TSX4    007040  100011   1
TSX5    007050  100011   1
TSX6    007060  100011   1
TSX7    007070  100011   1
TTF     006070  100011   1
TTL     000001  000000   8
TTLDAT  000001  000011  44
TTLS    000002  000000   8
TTN     006064  100011   1
TZE     006000  100011   1
UASCI   000002  000001  15
UFA     004350  100011   1
UFM     004210  100011   1
UFS     005350  100011   1
UFTR    004340  100011   6
USE     000001  000000   7
VDFAD   000134  110111  27
VDFDV   030134  110111  27
VDFIG   130154  100111  27
VDFIN   130134  101111  27
VDFIP   120134  101111  27
VDFIT   220134  110111  27
VDFMA   200134  110111  27
VDFMN   110154  100111  27
VDFMP   020134  110111  27
VDFMS   210134  110111  27
VDFMX   100154  100111  27
VDFNG   010154  101111  27
VDFSB   010134  110111  27
VDFSM   100134  100111  27
VDFSN   110134  100111  27
VDFTN   230134  110111  27
VDFVN   030154  101111  27
VDFVP   020154  101111  27
VDFXG   120154  100111  27
VDSC    000000  010011  28
VDSCX   000000  100011  28
VEC     001001  001111  34
VECB    001001  101111  34
VFAD    000124  110111  27
VFD     000000  000011  18
VFDV    030124  110111  27
VFIP    120124  101111  27
VFIPN   130124  101111  27
VFIT    220124  110111  27
VFITN   230124  110111  27
VFMA    200124  110111  27
VFMAX   100144  100111  27
VFMDS   000154  101111  27
VFMIG   130144  100111  27
VFMIN   110144  100111  27
VFMP    020124  110111  27
VFMS    210124  110111  27
VFMSD   000144  101111  27
VFMVN   030144  101111  27
VFMVP   020144  101111  27
VFMXG   120144  100111  27
VFNG    010144  101111  27
VFSB    010124  110111  27
VFSM    100124  100111  27
VFSN    110124  100111  27
VIAD    000164  110111  27
VIIP    120164  101111  27
VIIPN   130164  101111  27
VIIT    220164  110111  27
VIITN   230164  110111  27
VIMA    200164  110111  27
VIMAX   100174  100111  27
VIMIG   130174  100111  27
VIMIN   110174  100111  27
VIMP    020164  110111  27
VIMS    210164  110111  27
VIMVN   030174  101111  27
VIMVP   020174  101111  27
VIMXG   120174  100111  27
VING    010174  101111  27
VISB    010164  110111  27
VISM    100164  100111  27
VISN    110164  100111  27
VLAN    300164  110111  27
VLER    320164  110111  27
VLOR    310164  110111  27
VMVD    210174  101111  27
VMVS    200174  101111  27
XEC     007160  100011   1
XED     007170  100011   1
XRAN    003634  100011   1
ZERO    000000  000011  17
