/*M* ENCRYPT_SI63 - built-in tables for encryption */
/*T***********************************************************/
/*T*                                                         */
/*T* Copyright (c) Bull HN Information Systems Inc., 1989    */
/*T*                                                         */
/*T***********************************************************/
 
TABLES: PROC;
/*A* TABLES: Contains tranposition tables for ENCRYPT and DENCRYPT */
 
DCL SWAP(0:71) UBIN BYTE STATIC SYMDEF UNAL INIT(
 43 , 19 , 14 , 57 , 66 , 32 , 23 , 64 , 36 , 68 , 13 , 38 , 35 , 11 ,
 53 , 46 , 24 , 3 , 52 , 9 , 55 , 51 , 65 , 0 , 60 , 33 , 50 , 69 , 37 ,
 26 , 63 , 40 , 30 , 12 , 28 , 27 , 49 , 15 , 16 , 2 , 21 , 42 , 20 ,
 34 , 22 , 17 , 70 , 6 , 47 , 5 , 58 , 48 , 45 , 1 , 61 , 54 , 39 , 7 ,
 41 , 18 , 67 , 29 , 31 , 4 , 71 , 59 , 56 , 8 , 62 , 25 , 10 , 44);
 
DCL INITIAL_TRANSPOSITION(0:71) UBIN BYTE STATIC SYMDEF UNAL INIT(
 13 , 40 , 49 , 4 , 14 , 43 , 60 , 42 , 71 , 36 , 67 , 1 , 52 , 11 ,
 27 , 39 , 57 , 56 , 41 , 28 , 7 , 9 , 62 , 44 , 37 , 26 , 19 , 66 ,
 32 , 23 , 64 , 68 , 38 , 35 , 53 , 46 , 24 , 3 , 55 , 51 , 65 , 0 ,
 33 , 50 , 69 , 63 , 30 , 12 , 15 , 16 , 2 , 21 , 20 , 34 , 22 , 17 ,
 70 , 6 , 47 , 5 , 58 , 48 , 45 , 61 , 54 , 18 , 29 , 31 , 59 , 8 , 25 ,
 10);
 
DCL FINAL_TRANSPOSITION(0:71) UBIN BYTE STATIC SYMDEF UNAL INIT(
 14 , 43 , 60 , 42 , 71 , 40 , 36 , 67 , 1 , 52 , 11 , 27 , 39 , 57 ,
 56 , 41 , 28 , 7 , 9 , 62 , 44 , 37 , 26 , 19 , 66 , 32 , 23 , 64 ,
 68 , 13 , 38 , 35 , 53 , 46 , 24 , 3 , 55 , 51 , 65 , 0 , 33 , 50 ,
 69 , 63 , 30 , 12 , 49 , 15 , 16 , 2 , 21 , 20 , 34 , 22 , 17 , 70 ,
 6 , 47 , 5 , 58 , 48 , 45 , 61 , 54 , 18 , 29 , 31 , 4 , 59 , 8 , 25 ,
 10);
 
DCL KEY_TRANSPOSITION(0:71) UBIN BYTE STATIC SYMDEF UNAL INIT(
 17 , 59 , 56 , 20 , 51 , 50 , 55 , 19 , 47 , 40 , 29 , 33 , 7 , 27 ,
 25 , 4 , 6 , 71 , 5 , 44 , 48 , 34 , 58 , 35 , 49 , 41 , 62 , 2 , 32 ,
 28 , 18 , 54 , 69 , 60 , 30 , 1 , 26 , 37 , 24 , 31 , 36 , 8 , 13 ,
 42 , 38 , 11 , 3 , 14 , 15 , 23 , 16 , 52 , 39 , 46 , 22 , 12 , 65 ,
 66 , 63 , 68 , 70 , 64 , 61 , 9 , 67 , 43 , 0 , 21 , 57 , 45 , 10 , 53);
END TABLES;
