

11:13 JAN 06 '95 xbi_char_tables_i6.:XBC3TSI                               1    
    1      /*T***********************************************************/
    2      /*T*                                                         */
    3      /*T* Copyright (c) Bull HN Information Systems Inc., 1989    */
    4      /*T*                                                         */
    5      /*T***********************************************************/
    6      /* #### NOTE! #### This file was machine generated. */
    7
    8      dcl C$ISALPHA (0:575) ubin(1) unal constant symdef init (
    9      0, 0, 0, 0, 0,
   10      0,0,0,0,0,0,0,0,0,0,0,0,0,0,0,0,0,0,0,0,0,0,0,0,0,0,0,0,0,0,0,
   11      0, 0, 0, 0, 0,0,0,0,0,0,0,0,0,0,0,0,0,0,0,0,0,0,0,0,0,0,0,0,0,0,0,0,0,0,0,
   12      0,0, 0, 0, 0, 0,1,1,1,1,1,1,1,1,1,1,1,1,1,1,1,1,1,1,1,1,1,1,1,1,1,1,0,0,0,
   13      0,0,0, 0, 0, 0, 0,1,1,1,1,1,1,1,1,1,1,1,1,1,1,1,1,1,1,1,1,1,1,1,1,1,1,0,0,
   14      0,0,0,0, 0, 0, 0, 0,0,0,0,0,0,0,0,0,0,0,0,0,0,0,0,0,0,0,0,0,0,0,0,0,0,0,0,
   15      0,0,0,0,0, 0, 0, 0, 0,0,0,0,0,0,0,0,0,0,0,0,0,0,0,0,0,0,0,0,0,0,0,0,0,0,0,
   16      0,0,0,0,0,0, 0, 0, 0, 0,0,0,0,0,0,0,0,0,0,0,0,0,0,0,0,0,0,0,0,0,0,0,0,0,0,
   17      0,0,0,0,0,0,0, 0, 0, 0, 0,0,0,0,0,0,0,0,0,0,0,0,0,0,0,0,0,0,0,0,0,0,0,0,0,
   18      0,0,0,0,0,0,0,0, 0, 0, 0, 0,0,0,0,0,0,0,0,0,0,0,0,0,0,0,0,0,0,0,0,0,0,0,0,
   19      0,0,0,0,0,0,0,0,0, 0, 0, 0, 0,0,0,0,0,0,0,0,0,0,0,0,0,0,0,0,0,0,0,0,0,0,0,
   20      0,0,0,0,0,0,0,0,0,0, 0, 0, 0, 0,0,0,0,0,0,0,0,0,0,0,0,0,0,0,0,0,0,0,0,0,0,
   21      0,0,0,0,0,0,0,0,0,0,0, 0, 0, 0, 0,0,0,0,0,0,0,0,0,0,0,0,0,0,0,0,0,0,0,0,0,
   22      0,0,0,0,0,0,0,0,0,0,0,0, 0, 0, 0, 0,0,0,0,0,0,0,0,0,0,0,0,0,0,0,0,0,0,0,0,
   23      0,0,0,0,0,0,0,0,0,0,0,0,0, 0, 0, 0, 0,0,0,0,0,0,0,0,0,0,0,0,0,0,0,0,0,0,0,
   24      0,0,0,0,0,0,0,0,0,0,0,0,0,0, 0, 0, 0, 0,0,0,0,0,0,0,0,0,0,0,0,0,0,0,0,0,0,
   25      0,0,0,0,0,0,0,0,0,0,0,0,0,0,0, 0, 0, 0, 0,0,0,0,0,0,0,0,0,0,0,0,0,0,0,0,0,
   26      0,0,0,0,0,0,0,0,0,0,0,0,0,0,0);
   27
   28      dcl C$ISALNUM (0:575) ubin(1) unal constant symdef init (
   29      0, 0, 0, 0, 0,
   30      0,0,0,0,0,0,0,0,0,0,0,0,0,0,0,0,0,0,0,0,0,0,0,0,0,0,0,0,0,0,0,
   31      0, 0, 0, 0, 0,0,0,0,0,0,0,0,0,0,0,0,0,0,0,0,1,1,1,1,1,1,1,1,1,1,0,0,0,0,0,
   32      0,0, 0, 0, 0, 0,1,1,1,1,1,1,1,1,1,1,1,1,1,1,1,1,1,1,1,1,1,1,1,1,1,1,0,0,0,
   33      0,0,0, 0, 0, 0, 0,1,1,1,1,1,1,1,1,1,1,1,1,1,1,1,1,1,1,1,1,1,1,1,1,1,1,0,0,
   34      0,0,0,0, 0, 0, 0, 0,0,0,0,0,0,0,0,0,0,0,0,0,0,0,0,0,0,0,0,0,0,0,0,0,0,0,0,
   35      0,0,0,0,0, 0, 0, 0, 0,0,0,0,0,0,0,0,0,0,0,0,0,0,0,0,0,0,0,0,0,0,0,0,0,0,0,
   36      0,0,0,0,0,0, 0, 0, 0, 0,0,0,0,0,0,0,0,0,0,0,0,0,0,0,0,0,0,0,0,0,0,0,0,0,0,
   37      0,0,0,0,0,0,0, 0, 0, 0, 0,0,0,0,0,0,0,0,0,0,0,0,0,0,0,0,0,0,0,0,0,0,0,0,0,
11:13 JAN 06 '95 xbi_char_tables_i6.:XBC3TSI                               2    
   38      0,0,0,0,0,0,0,0, 0, 0, 0, 0,0,0,0,0,0,0,0,0,0,0,0,0,0,0,0,0,0,0,0,0,0,0,0,
   39      0,0,0,0,0,0,0,0,0, 0, 0, 0, 0,0,0,0,0,0,0,0,0,0,0,0,0,0,0,0,0,0,0,0,0,0,0,
   40      0,0,0,0,0,0,0,0,0,0, 0, 0, 0, 0,0,0,0,0,0,0,0,0,0,0,0,0,0,0,0,0,0,0,0,0,0,
   41      0,0,0,0,0,0,0,0,0,0,0, 0, 0, 0, 0,0,0,0,0,0,0,0,0,0,0,0,0,0,0,0,0,0,0,0,0,
   42      0,0,0,0,0,0,0,0,0,0,0,0, 0, 0, 0, 0,0,0,0,0,0,0,0,0,0,0,0,0,0,0,0,0,0,0,0,
   43      0,0,0,0,0,0,0,0,0,0,0,0,0, 0, 0, 0, 0,0,0,0,0,0,0,0,0,0,0,0,0,0,0,0,0,0,0,
   44      0,0,0,0,0,0,0,0,0,0,0,0,0,0, 0, 0, 0, 0,0,0,0,0,0,0,0,0,0,0,0,0,0,0,0,0,0,
   45      0,0,0,0,0,0,0,0,0,0,0,0,0,0,0, 0, 0, 0, 0,0,0,0,0,0,0,0,0,0,0,0,0,0,0,0,0,
   46      0,0,0,0,0,0,0,0,0,0,0,0,0,0,0);
   47
   48      dcl C$ISXDIGIT (0:575) ubin(1) unal constant symdef init (
   49      0, 0, 0, 0, 0,
   50      0,0,0,0,0,0,0,0,0,0,0,0,0,0,0,0,0,0,0,0,0,0,0,0,0,0,0,0,0,0,0,
   51      0, 0, 0, 0, 0,0,0,0,0,0,0,0,0,0,0,0,0,0,0,0,1,1,1,1,1,1,1,1,1,1,0,0,0,0,0,
   52      0,0, 0, 0, 0, 0,1,1,1,1,1,1,0,0,0,0,0,0,0,0,0,0,0,0,0,0,0,0,0,0,0,0,0,0,0,
   53      0,0,0, 0, 0, 0, 0,1,1,1,1,1,1,0,0,0,0,0,0,0,0,0,0,0,0,0,0,0,0,0,0,0,0,0,0,
   54      0,0,0,0, 0, 0, 0, 0,0,0,0,0,0,0,0,0,0,0,0,0,0,0,0,0,0,0,0,0,0,0,0,0,0,0,0,
   55      0,0,0,0,0, 0, 0, 0, 0,0,0,0,0,0,0,0,0,0,0,0,0,0,0,0,0,0,0,0,0,0,0,0,0,0,0,
   56      0,0,0,0,0,0, 0, 0, 0, 0,0,0,0,0,0,0,0,0,0,0,0,0,0,0,0,0,0,0,0,0,0,0,0,0,0,
   57      0,0,0,0,0,0,0, 0, 0, 0, 0,0,0,0,0,0,0,0,0,0,0,0,0,0,0,0,0,0,0,0,0,0,0,0,0,
   58      0,0,0,0,0,0,0,0, 0, 0, 0, 0,0,0,0,0,0,0,0,0,0,0,0,0,0,0,0,0,0,0,0,0,0,0,0,
   59      0,0,0,0,0,0,0,0,0, 0, 0, 0, 0,0,0,0,0,0,0,0,0,0,0,0,0,0,0,0,0,0,0,0,0,0,0,
   60      0,0,0,0,0,0,0,0,0,0, 0, 0, 0, 0,0,0,0,0,0,0,0,0,0,0,0,0,0,0,0,0,0,0,0,0,0,
   61      0,0,0,0,0,0,0,0,0,0,0, 0, 0, 0, 0,0,0,0,0,0,0,0,0,0,0,0,0,0,0,0,0,0,0,0,0,
   62      0,0,0,0,0,0,0,0,0,0,0,0, 0, 0, 0, 0,0,0,0,0,0,0,0,0,0,0,0,0,0,0,0,0,0,0,0,
   63      0,0,0,0,0,0,0,0,0,0,0,0,0, 0, 0, 0, 0,0,0,0,0,0,0,0,0,0,0,0,0,0,0,0,0,0,0,
   64      0,0,0,0,0,0,0,0,0,0,0,0,0,0, 0, 0, 0, 0,0,0,0,0,0,0,0,0,0,0,0,0,0,0,0,0,0,
   65      0,0,0,0,0,0,0,0,0,0,0,0,0,0,0, 0, 0, 0, 0,0,0,0,0,0,0,0,0,0,0,0,0,0,0,0,0,
   66      0,0,0,0,0,0,0,0,0,0,0,0,0,0,0);
   67
   68      dcl C$ISPUNCT (0:575) ubin(1) unal constant symdef init (
   69      0, 0, 0, 0, 0,
   70      0,0,0,0,0,0,0,0,0,0,0,0,0,0,0,0,0,0,0,0,0,0,0,0,0,0,0,0,0,0,0,
   71      0, 0, 0, 0, 0,1,1,1,1,1,1,1,1,1,1,1,1,1,1,1,0,0,0,0,0,0,0,0,0,0,1,1,1,1,1,
   72      1,0, 0, 0, 0, 1,0,0,0,0,0,0,0,0,0,0,0,0,0,0,0,0,0,0,0,0,0,0,0,0,0,0,1,1,1,
   73      1,1,0, 0, 0, 0, 1,0,0,0,0,0,0,0,0,0,0,0,0,0,0,0,0,0,0,0,0,0,0,0,0,0,0,1,1,
   74      1,1,0,0, 0, 0, 0, 0,0,0,0,0,0,0,0,0,0,0,0,0,0,0,0,0,0,0,0,0,0,0,0,0,0,0,0,
11:13 JAN 06 '95 xbi_char_tables_i6.:XBC3TSI                               3    
   75      0,0,0,0,0, 0, 0, 0, 0,0,0,0,0,0,0,0,0,0,0,0,0,0,0,0,0,0,0,0,0,0,0,0,0,0,0,
   76      0,0,0,0,0,0, 0, 0, 0, 0,0,0,0,0,0,0,0,0,0,0,0,0,0,0,0,0,0,0,0,0,0,0,0,0,0,
   77      0,0,0,0,0,0,0, 0, 0, 0, 0,0,0,0,0,0,0,0,0,0,0,0,0,0,0,0,0,0,0,0,0,0,0,0,0,
   78      0,0,0,0,0,0,0,0, 0, 0, 0, 0,0,0,0,0,0,0,0,0,0,0,0,0,0,0,0,0,0,0,0,0,0,0,0,
   79      0,0,0,0,0,0,0,0,0, 0, 0, 0, 0,0,0,0,0,0,0,0,0,0,0,0,0,0,0,0,0,0,0,0,0,0,0,
   80      0,0,0,0,0,0,0,0,0,0, 0, 0, 0, 0,0,0,0,0,0,0,0,0,0,0,0,0,0,0,0,0,0,0,0,0,0,
   81      0,0,0,0,0,0,0,0,0,0,0, 0, 0, 0, 0,0,0,0,0,0,0,0,0,0,0,0,0,0,0,0,0,0,0,0,0,
   82      0,0,0,0,0,0,0,0,0,0,0,0, 0, 0, 0, 0,0,0,0,0,0,0,0,0,0,0,0,0,0,0,0,0,0,0,0,
   83      0,0,0,0,0,0,0,0,0,0,0,0,0, 0, 0, 0, 0,0,0,0,0,0,0,0,0,0,0,0,0,0,0,0,0,0,0,
   84      0,0,0,0,0,0,0,0,0,0,0,0,0,0, 0, 0, 0, 0,0,0,0,0,0,0,0,0,0,0,0,0,0,0,0,0,0,
   85      0,0,0,0,0,0,0,0,0,0,0,0,0,0,0, 0, 0, 0, 0,0,0,0,0,0,0,0,0,0,0,0,0,0,0,0,0,
   86      0,0,0,0,0,0,0,0,0,0,0,0,0,0,0);
   87

