

CC.C03    File=zbn$var:c.:ZBC3TSI                                                   Fri Aug 22 1997  Page=1  
        1         1             /*
        2         2              * (c) copyright 1987 by the Vrije Universiteit, Amsterdam, The Netherlands.
        3         3              * See the copyright notice in the ACK home directory, in the file "Copyright"
                               .
        4         4              */
        5         5             #ifndef NORCSID
        6         6             static char rcsid[]= "$Header: var.c,v 0.3 87/03/09 19:08:37 ceriel Exp $";
        7         7             #endif
        8         8
        9         9             #include "param:h"
       10        10             #include "reg:h"
       11        11             #include "property:h"
       12        12             #include "token:h"
       13        13             #include "set:h"
       14        14             #include "instruct:h"
       15        15             #include "lookup:h"
       16        16             #include <cgg_cg:h>
       17        17             #include "varinfo:h"
       18        18
       19        19             int wordsize;
       20        20             int pointersize;
       21        21             int nregs=1;
       22        22             int nprops;
       23        23             int ntokens=1;
       24        24             int nsets;
       25        25             int ninstr;
       26        26             int codeindex;
       27        27             int empatlen,emmnem[EMPATMAX];
       28        28             int empatexpr;
       29        29             int tokpatlen,tokpatset[TOKPATMAX],tokpatro[TOKPATMAX];
       30        30             int nallreg,allreg[MAXALLREG];
       31        31             int cursetno = -1;
       32        32             int allsetno;
       33        33             int inproc=0;   /* scanning "procedure" */
       34        34             int callproc=0;
       35        35             int procarg[2];
       36        36             int fc1=1,fc2=1,fc3=1,fc4=1;
CC.C03    File=zbn$var:c.:ZBC3TSI                                                   Fri Aug 22 1997  Page=2  
       37        37             int maxmembers=0;
       38        38             int regclass=1;
       39        39             int maxtokensize=0;
       40        40             int rvused=0;
       41        41             int nregvar[4];
       42        42             int rvsize[4];
       43        43             int rvnumbers[4][MAXREGVAR];
       44        44
       45        45             struct reginfo l_regs[MAXREGS] = {
       46        46    1        /*0000*/ 0,0,0,0,0,0,0,0,0,0,0,0,0,0,0,0,0,0,0,0,0,0,0,0,0,0,0,0,0,0,
       47        47    1        /*0030*/ 0,0,0,0,0,0,0,0,0,0,0,0,0,0,0,0,0,0,0,0,0,0,0,0,0,0,0,0,0,0,
       48        48    1        /*0060*/ 0,0,0,0,0,0,0,0,0,0,0,0,0,0,0,0,0,0,0,0,0,0,0,0,0,0,0,0,0,0,
       49        49    1        /*0090*/ 0,0,0,0,0,0,0,0,0,0,0,0,0,0,0,0,0,0,0,0,0,0,0,0,0,0,0,0,0,0,
       50        50    1        /*0120*/ 0,0,0,0,0,0,0,0,0,0,0,0,0,0,0,0,0,0,0,0,0,0,0,0,0,0,0,0,0,0,
       51        51    1        /*0150*/ 0,0,0,0,0,0,0,0,0,0,0,0,0,0,0,0,0,0,0,0,0,0,0,0,0,0,0,0,0,0,
       52        52    1        /*0180*/ 0,0,0,0,0,0,0,0,0,0,0,0,0,0,0,0,0,0,0,0,0,0,0,0,0,0,0,0,0,0,
       53        53    1        /*0210*/ 0,0,0,0,0,0,0,0,0,0,0,0,0,0,0,0,0,0,0,0,0,0,0,0,0,0,0,0,0,0,
       54        54    1        /*0240*/ 0,0,0,0,0,0,0,0,0,0,0,0,0,0,0,0,0,0,0,0,0,0,0,0,0,0,0,0,0,0,
       55        55    1        /*0270*/ 0,0,0,0,0,0,0,0,0,0
       56        56    1        };
       57        57             struct propinfo l_props[MAXPROPS] = {
       58        58    1        /*0000*/ 0,0,0,0,0,0,0,0,0,0,0,0,0,0,0,0,0,0,0,0,0,0,0,0,0,0,0,0,0,0,
       59        59    1        /*0030*/ 0,0,0,0,0,0,0,0,0,0,0,0,0,0,0,0,0,0,0,0,0,0,0,0,0,0,0,0,0,0,
       60        60    1        /*0060*/ 0,0,0,0,0,0,0,0,0,0,0,0,0,0,0,0,0,0,0,0,0,0,0,0,0,0,0,0,0,0
       61        61    1        };
       62        62             token_p l_tokens[MAXTOKENS] = {
       63        63    1        /*0000*/ 0,0,0,0,0,0,0,0,0,0,0,0,0,0,0,0,0,0,0,0,0,0,0,0,0,0,0,0,0,0,
       64        64    1        /*0030*/ 0,0,0,0,0,0,0,0,0,0,0,0,0,0,0,0,0,0,0,0,0,0,0,0,0,0,0,0,0,0,
       65        65    1        /*0060*/ 0,0,0,0,0,0,0,0,0,0,0,0,0,0,0,0,0,0,0,0,0,0,0,0,0,0,0,0,0,0,
       66        66    1        /*0090*/ 0,0,0,0,0,0,0,0,0,0
       67        67    1        };
       68        68             set_t l_sets[MAXSETS] = {
       69        69    1        /*0000*/ 0,0,0,0,0,0,0,0,0,0,0,0,0,0,0,0,0,0,0,0,0,0,0,0,0,0,0,0,0,0,
       70        70    1        /*0030*/ 0,0,0,0,0,0,0,0,0,0,0,0,0,0,0,0,0,0,0,0,0,0,0,0,0,0,0,0,0,0,
       71        71    1        /*0060*/ 0,0,0,0,0,0,0,0,0,0,0,0,0,0,0,0,0,0,0,0,0,0,0,0,0,0,0,0,0,0,
       72        72    1        /*0090*/ 0,0,0,0,0,0,0,0,0,0,0,0,0,0,0,0,0,0,0,0,0,0,0,0,0,0,0,0,0,0,
       73        73    1        /*0120*/ 0,0,0,0,0,0,0,0,0,0,0,0,0,0,0,0,0,0,0,0,0,0,0,0,0,0,0,0,0,0,
CC.C03    File=zbn$var:c.:ZBC3TSI                                                   Fri Aug 22 1997  Page=3  
       74        74    1        /*0150*/ 0,0,0,0,0,0,0,0,0,0,0,0,0,0,0,0,0,0,0,0,0,0,0,0,0,0,0,0,0,0,
       75        75    1        /*0180*/ 0,0,0,0,0,0,0,0,0,0,0,0,0,0,0,0,0,0,0,0,0,0,0,0,0,0,0,0,0,0,
       76        76    1        /*0210*/ 0,0,0,0,0,0,0,0,0,0,0,0,0,0,0,0,0,0,0,0,0,0,0,0,0,0,0,0,0,0,
       77        77    1        /*0240*/ 0,0,0,0,0,0,0,0,0,0,0,0,0,0,0,0,0,0,0,0,0,0,0,0,0,0,0,0,0,0,
       78        78    1        /*0270*/ 0,0,0,0,0,0,0,0,0,0,0,0,0,0,0,0,0,0,0,0,0,0,0,0,0,0,0,0,0,0,
       79        79    1        /*0300*/ 0,0,0,0,0,0,0,0,0,0,0,0,0,0,0,0,0,0,0,0,0,0,0,0,0,0,0,0,0,0,
       80        80    1        /*0330*/ 0,0,0,0,0,0,0,0,0,0,0,0,0,0,0,0,0,0,0,0,0,0,0,0,0,0,0,0,0,0,
       81        81    1        /*0360*/ 0,0,0,0,0,0,0,0,0,0,0,0,0,0,0,0,0,0,0,0,0,0,0,0,0,0,0,0,0,0,
       82        82    1        /*0390*/ 0,0,0,0,0,0,0,0,0,0,0,0,0,0,0,0,0,0,0,0,0,0,0,0,0,0,0,0,0,0,
       83        83    1        /*0420*/ 0,0,0,0,0,0,0,0,0,0,0,0,0,0,0,0,0,0,0,0,0,0,0,0,0,0,0,0,0,0,
       84        84    1        /*0450*/ 0,0,0,0,0,0,0,0,0,0,0,0,0,0,0,0,0,0,0,0,0,0,0,0,0,0,0,0,0,0,
       85        85    1        /*0480*/ 0,0,0,0,0,0,0,0,0,0,0,0,0,0,0,0,0,0,0,0,0,0,0,0,0,0,0,0,0,0,
       86        86    1        /*0510*/ 0,0,0,0,0,0,0,0,0,0,0,0,0,0,0,0,0,0,0,0,0,0,0,0,0,0,0,0,0,0,
       87        87    1        /*0540*/ 0,0,0,0,0,0,0,0,0,0,0,0,0,0,0,0,0,0,0,0,0,0,0,0,0,0,0,0,0,0,
       88        88    1        /*0570*/ 0,0,0,0,0,0,0,0,0,0,0,0,0,0,0,0,0,0,0,0,0,0,0,0,0,0,0,0,0,0,
       89        89    1        /*0600*/ 0,0,0,0,0,0,0,0,0,0,0,0,0,0,0,0,0,0,0,0,0,0,0,0,0,0,0,0,0,0,
       90        90    1        /*0630*/ 0,0,0,0,0,0,0,0,0,0,0,0,0,0,0,0,0,0,0,0,0,0,0,0,0,0,0,0,0,0,
       91        91    1        /*0660*/ 0,0,0,0,0,0,0,0,0,0,0,0,0,0,0,0,0,0,0,0,0,0,0,0,0,0,0,0,0,0,
       92        92    1        /*0690*/ 0,0,0,0,0,0,0,0,0,0,0,0,0,0,0,0,0,0,0,0,0,0,0,0,0,0,0,0,0,0,
       93        93    1        /*0720*/ 0,0,0,0,0,0,0,0,0,0,0,0,0,0,0,0,0,0,0,0,0,0,0,0,0,0,0,0,0,0,
       94        94    1        /*0750*/ 0,0,0,0,0,0,0,0,0,0,0,0,0,0,0,0,0,0,0,0,0,0,0,0,0,0,0,0,0,0,
       95        95    1        /*0780*/ 0,0,0,0,0,0,0,0,0,0,0,0,0,0,0,0,0,0,0,0,0,0,0,0,0,0,0,0,0,0,
       96        96    1        /*0810*/ 0,0,0,0,0,0,0,0,0,0,0,0,0,0,0,0,0,0,0,0,0,0,0,0,0,0,0,0,0,0,
       97        97    1        /*0840*/ 0,0,0,0,0,0,0,0,0,0,0,0,0,0,0,0,0,0,0,0,0,0,0,0,0,0,0,0,0,0,
       98        98    1        /*0870*/ 0,0,0,0,0,0,0,0,0,0,0,0,0,0,0,0,0,0,0,0,0,0,0,0,0,0,0,0,0,0,
       99        99    1        /*0900*/ 0,0,0,0,0,0,0,0,0,0,0,0,0,0,0,0,0,0,0,0,0,0,0,0,0,0,0,0,0,0,
      100       100    1        /*0930*/ 0,0,0,0,0,0,0,0,0,0,0,0,0,0,0,0,0,0,0,0,0,0,0,0,0,0,0,0,0,0,
      101       101    1        /*0960*/ 0,0,0,0,0,0,0,0,0,0,0,0,0,0,0,0,0,0,0,0,0,0,0,0,0,0,0,0,0,0,
      102       102    1        /*0990*/ 0,0,0,0,0,0,0,0,0,0,0,0,0,0,0,0,0,0,0,0,0,0,0,0,0,0,0,0,0,0,
      103       103    1        /*1020*/ 0,0,0,0,0,0,0,0,0,0,0,0,0,0,0,0,0,0,0,0,0,0,0,0,0,0,0,0,0,0,
      104       104    1        /*1050*/ 0,0,0,0,0,0,0,0,0,0,0,0,0,0,0,0,0,0,0,0,0,0,0,0,0,0,0,0,0,0,
      105       105    1        /*1080*/ 0,0,0,0,0,0,0,0,0,0,0,0,0,0,0,0,0,0,0,0,0,0,0,0,0,0,0,0,0,0,
      106       106    1        /*1110*/ 0,0,0,0,0,0,0,0,0,0,0,0,0,0,0,0,0,0,0,0,0,0,0,0,0,0,0,0,0,0,
      107       107    1        /*1140*/ 0,0,0,0,0,0,0,0,0,0,0,0,0,0,0,0,0,0,0,0,0,0,0,0,0,0,0,0,0,0,
      108       108    1        /*1170*/ 0,0,0,0,0,0,0,0,0,0,0,0,0,0,0,0,0,0,0,0,0,0,0,0,0,0,0,0,0,0,
      109       109    1        /*1200*/ 0,0,0,0,0,0,0,0,0,0,0,0,0,0,0,0,0,0,0,0,0,0,0,0,0,0,0,0,0,0,
      110       110    1        /*1230*/ 0,0,0,0,0,0,0,0,0,0,0,0,0,0,0,0,0,0,0,0,0,0,0,0,0,0,0,0,0,0,
CC.C03    File=zbn$var:c.:ZBC3TSI                                                   Fri Aug 22 1997  Page=4  
      111       111    1        /*1260*/ 0,0,0,0,0,0,0,0,0,0,0,0,0,0,0,0,0,0,0,0,0,0,0,0,0,0,0,0,0,0,
      112       112    1        /*1290*/ 0,0,0,0,0,0,0,0,0,0,0,0,0,0,0,0,0,0,0,0,0,0,0,0,0,0,0,0,0,0,
      113       113    1        /*1320*/ 0,0,0,0,0,0,0,0,0,0,0,0,0,0,0,0,0,0,0,0,0,0,0,0,0,0,0,0,0,0,
      114       114    1        /*1350*/ 0,0,0,0,0,0,0,0,0,0,0,0,0,0,0,0,0,0,0,0,0,0,0,0,0,0,0,0,0,0,
      115       115    1        /*1380*/ 0,0,0,0,0,0,0,0,0,0,0,0,0,0,0,0,0,0,0,0,0,0,0,0,0,0,0,0,0,0,
      116       116    1        /*1410*/ 0,0,0,0,0,0,0,0,0,0,0,0,0,0,0,0,0,0,0,0,0,0,0,0,0,0,0,0,0,0,
      117       117    1        /*1440*/ 0,0,0,0,0,0,0,0,0,0,0,0,0,0,0,0,0,0,0,0,0,0,0,0,0,0,0,0,0,0,
      118       118    1        /*1470*/ 0,0,0,0,0,0,0,0,0,0,0,0,0,0,0,0,0,0,0,0,0,0,0,0,0,0,0,0,0,0
      119       119    1        };
      120       120             instr_t l_instr[MAXINSTR] = {
      121       121    1        /*0000*/ 0,0,0,0,0,0,0,0,0,0,0,0,0,0,0,0,0,0,0,0,0,0,0,0,0,0,0,0,0,0,
      122       122    1        /*0030*/ 0,0,0,0,0,0,0,0,0,0,0,0,0,0,0,0,0,0,0,0,0,0,0,0,0,0,0,0,0,0,
      123       123    1        /*0060*/ 0,0,0,0,0,0,0,0,0,0,0,0,0,0,0,0,0,0,0,0,0,0,0,0,0,0,0,0,0,0,
      124       124    1        /*0090*/ 0,0,0,0,0,0,0,0,0,0,0,0,0,0,0,0,0,0,0,0,0,0,0,0,0,0,0,0,0,0,
      125       125    1        /*0120*/ 0,0,0,0,0,0,0,0,0,0,0,0,0,0,0,0,0,0,0,0,0,0,0,0,0,0,0,0,0,0,
      126       126    1        /*0150*/ 0,0,0,0,0,0,0,0,0,0,0,0,0,0,0,0,0,0,0,0,0,0,0,0,0,0,0,0,0,0,
      127       127    1        /*0180*/ 0,0,0,0,0,0,0,0,0,0,0,0,0,0,0,0,0,0,0,0,0,0,0,0,0,0,0,0,0,0,
      128       128    1        /*0210*/ 0,0,0,0,0,0,0,0,0,0,0,0,0,0,0,0,0,0,0,0,0,0,0,0,0,0,0,0,0,0,
      129       129    1        /*0240*/ 0,0,0,0,0,0,0,0,0,0,0,0,0,0,0,0,0,0,0,0,0,0,0,0,0,0,0,0,0,0,
      130       130    1        /*0270*/ 0,0,0,0,0,0,0,0,0,0,0,0,0,0,0,0,0,0,0,0,0,0,0,0,0,0,0,0,0,0,
      131       131    1        /*0300*/ 0,0,0,0,0,0,0,0,0,0,0,0,0,0,0,0,0,0,0,0,0,0,0,0,0,0,0,0,0,0,
      132       132    1        /*0330*/ 0,0,0,0,0,0,0,0,0,0,0,0,0,0,0,0,0,0,0,0,0,0,0,0,0,0,0,0,0,0,
      133       133    1        /*0360*/ 0,0,0,0,0,0,0,0,0,0,0,0,0,0,0,0,0,0,0,0,0,0,0,0,0,0,0,0,0,0,
      134       134    1        /*0390*/ 0,0,0,0,0,0,0,0,0,0,0,0,0,0,0,0,0,0,0,0,0,0,0,0,0,0,0,0,0,0,
      135       135    1        /*0420*/ 0,0,0,0,0,0,0,0,0,0,0,0,0,0,0,0,0,0,0,0,0,0,0,0,0,0,0,0,0,0,
      136       136    1        /*0450*/ 0,0,0,0,0,0,0,0,0,0,0,0,0,0,0,0,0,0,0,0,0,0,0,0,0,0,0,0,0,0,
      137       137    1        /*0480*/ 0,0,0,0,0,0,0,0,0,0,0,0,0,0,0,0,0,0,0,0,0,0,0,0,0,0,0,0,0,0,
      138       138    1        /*0510*/ 0,0,0,0,0,0,0,0,0,0,0,0,0,0,0,0,0,0,0,0,0,0,0,0,0,0,0,0,0,0,
      139       139    1        /*0540*/ 0,0,0,0,0,0,0,0,0,0,0,0,0,0,0,0,0,0,0,0,0,0,0,0,0,0,0,0,0,0,
      140       140    1        /*0570*/ 0,0,0,0,0,0,0,0,0,0,0,0,0,0,0,0,0,0,0,0,0,0,0,0,0,0,0,0,0,0,
      141       141    1        /*0600*/ 0,0,0,0,0,0,0,0,0,0,0,0,0,0,0,0,0,0,0,0,0,0,0,0,0,0,0,0,0,0,
      142       142    1        /*0630*/ 0,0,0,0,0,0,0,0,0,0,0,0,0,0,0,0,0,0,0,0,0,0,0,0,0,0,0,0,0,0,
      143       143    1        /*0660*/ 0,0,0,0,0,0,0,0,0,0,0,0,0,0,0,0,0,0,0,0,0,0,0,0,0,0,0,0,0,0,
      144       144    1        /*0690*/ 0,0,0,0,0,0,0,0,0,0,0,0,0,0,0,0,0,0,0,0,0,0,0,0,0,0,0,0,0,0,
      145       145    1        /*0720*/ 0,0,0,0,0,0,0,0,0,0,0,0,0,0,0,0,0,0,0,0,0,0,0,0,0,0,0,0,0,0,
      146       146    1        /*0750*/ 0,0,0,0,0,0,0,0,0,0,0,0,0,0,0,0,0,0,0,0,0,0,0,0,0,0,0,0,0,0,
      147       147    1        /*0780*/ 0,0,0,0,0,0,0,0,0,0,0,0,0,0,0,0,0,0,0,0,0,0,0,0,0,0,0,0,0,0,
CC.C03    File=zbn$var:c.:ZBC3TSI                                                   Fri Aug 22 1997  Page=5  
      148       148    1        /*0810*/ 0,0,0,0,0,0,0,0,0,0,0,0,0,0,0,0,0,0,0,0,0,0,0,0,0,0,0,0,0,0,
      149       149    1        /*0840*/ 0,0,0,0,0,0,0,0,0,0,0,0,0,0,0,0,0,0,0,0,0,0,0,0,0,0,0,0,0,0,
      150       150    1        /*0870*/ 0,0,0,0,0
      151       151    1        };
      152       152             symbol *symhash[NSYMHASH] = {
      153       153    1        /*0000*/ 0,0,0,0,0,0,0,0,0,0,0,0,0,0,0,0,0,0,0,0,0,0,0,0,0,0,0,0,0,0,
      154       154    1        /*0030*/ 0,0,0,0,0,0,0,0,0,0,0,0,0,0,0,0,0,0,0,0,0,0,0,0,0,0,0,0,0,0,
      155       155    1        /*0060*/ 0
      156       156    1        };
      157       157
      158       158
      159       159             struct varinfo null_varinfo = {0,    0,    0, 0, 0,   0};
      160       160             struct operand null_operand = {0, 0, 0};
      161       161                    token_t null_token_t = {0, 0, 0, 0, 0, 0, 0, 0, 0, 0, 0, 0, 0, 0, 0, 0}
                               ;
      162       162                    symbol  null_symbol  = {0, 0};
---  Include file information  ---

   zbn$param:h.:ZBC3TOU. is referenced
   zbm$local:h.:ZBC3TOU. is referenced
   zbn$reg:h.:ZBC3TOU. is referenced
   zbn$property:h.:ZBC3TOU. is referenced
   zbn$token:h.:ZBC3TOU. is referenced
   zbn$cost:h.:ZBC3TOU. is referenced
   zbn$set:h.:ZBC3TOU. is referenced
   zbn$instruct:h.:ZBC3TOU. is referenced
   zbn$lookup:h.:ZBC3TOU. is referenced
   cgg_cg:h.:ZBC3TOU. is referenced
   zbn$varinfo:h.:ZBC3TOU. is referenced

No diagnostics were issued in the file zbn$var:c.:ZBC3TSI
