

CC.C03    File=zbo$patterns:c.:ZBC3TOU                                              Fri Aug 22 1997  Page=1  
        1         1             #include "param.h"
        2         2             #include "types.h"
        3         3             #include "pattern.h"
        4         4
        5         5             byte nparam[] = {0,0,2,2,2,2,2,2,1,1,2,2,2,2,2,2,2,2,2,2,1,1,1,0,1,0,0,0,2,2,2
                               ,2,};
        6         6             bool nonumlab[] = {1,1,0,0,1,1,1,1,1,1,1,1,1,1,1,1,1,1,1,1,1,1,1,1,1,1,1,1,1,1
                               ,1,1,};
        7         7             bool onlyconst[] = {1,1,0,0,0,0,0,0,1,1,1,1,1,0,0,1,1,1,1,1,1,1,1,1,1,1,1,1,1,
                               1,1,1,};
        8         8
        9         9             byte pattern[] = { 0
       10        10    1        ,  0,  0,  0,  4, 69,  3, 69, 96,  6,  2, 69,  9,  3,  2
       11        11    1        ,  0,  1,  0,  2, 52, 39,  0,  0
       12        12    1        ,  0, 15,  0,  3, 52, 69,  3, 10,  2, 69, 12,  3,  2
       13        13    1        ,  0, 23,  0,  3, 52, 69, 96, 10,  2, 69, 13, 96,  2
       14        14    1        ,  0, 36,  0,  3, 39, 69,  3, 10,  2, 69, 13,  3,  2
       15        15    1        ,  0, 49,  0,  3, 39, 69, 96, 10,  2, 69, 12, 96,  2
       16        16    1        ,  0, 62,  0,  4, 60,  3, 60, 96, 18,  2, 60,  9,  3, 15
       17        17    1        ,  0, 75,  0,  4, 69,  3, 69,  3,  6,  2, 69, 19,  3,  2
       18        18    1        ,  0, 89,  0,  4, 60,  3, 60,  3, 18,  2, 60, 19,  3, 15
       19        19    1        ,  0,103,  0,  4, 69,  3, 69, 81,  6,  4, 69,  8, 81,  2, 69, 20,  3,  2
       20        20    1        ,  0,117,  0,  4, 69,  3, 69,106, 22,  4, 69,  8,106,  2, 69, 23,  3,  2
       21        21    1        ,  0,135,  0,  1,  4, 25,  0
       22        22    1        ,  0,153,  0,  2,  4,  4,  0,  1,  4, 26
       23        23    1        ,  0,160,  0,  2,  4, 71,  0,  1, 71, 26
       24        24    1        ,  0,170,  0,  2,  4, 62,  0,  1, 62, 26
       25        25    1        ,  0,180,  0,  2,  4, 72, 28,  1, 71,  7
       26        26    1        ,  0,190,  0,  2,  4, 72, 29,  1, 62,  7
       27        27    1        ,  0,200,  0,  2,  4,111,  0,  1,111, 26
       28        28    1        ,  0,210,  0,  2,  4,100,  0,  1,100, 26
       29        29    1        ,  0,220,  0,  2,  4,112, 28,  1,111,  7
       30        30    1        ,  0,230,  0,  2,  4,112, 29,  1,100,  7
       31        31    1        ,  0,240,  0,  1,  8, 25,  0
       32        32    1        ,  0,250,  0,  2,  8,  8,  0,  1,  8, 26
       33        33    1        ,  0,  1,  1,  1, 14, 25,  1,  8, 31
       34        34    1        ,  0, 11,  1,  2, 28,124, 32,  1, 10,  1
CC.C03    File=zbo$patterns:c.:ZBC3TOU                                              Fri Aug 22 1997  Page=2  
       35        35    1        ,  0, 20,  1,  2, 28,126, 32,  1, 11,  1
       36        36    1        ,  0, 30,  1,  2, 28,127, 32,  1, 12,  1
       37        37    1        ,  0, 40,  1,  2, 28,128, 32,  1, 13,  1
       38        38    1        ,  0, 50,  1,  2, 28,129, 32,  1, 16,  1
       39        39    1        ,  0, 60,  1,  2, 28,130, 32,  1, 17,  1
       40        40    1        ,  0, 70,  1,  2, 31,124, 32,  1, 10,  1
       41        41    1        ,  0, 80,  1,  2, 31,130, 32,  1, 17,  1
       42        42    1        ,  0, 90,  1,  2, 45, 85, 33,  2, 85,  7, 45,  7
       43        43    1        ,  0,100,  1,  2, 57,  4,  0,  1, 57, 26
       44        44    1        ,  0,112,  1,  2, 57, 14,  3,  2, 72,  2,110,  7
       45        45    1        ,  0,122,  1,  2, 57, 62,  0,  1, 61, 26
       46        46    1        ,  0,134,  1,  2, 57, 71,  0,  1, 70, 26
       47        47    1        ,  0,144,  1,  2, 57, 72,  3,  1, 70,  7
       48        48    1        ,  0,154,  1,  5, 57, 57, 14, 70,110, 38,  3, 57,  7, 57,  1, 14, 39
       49        49    1        ,  0,164,  1,  5, 57, 57, 14, 61, 99, 38,  3, 57,  7, 57,  1, 14, 40
       50        50    1        ,  0,181,  1,  6, 57, 57, 14, 57, 57, 14, 38,  3, 57,  7, 57,  1, 14, 42
       51        51    1        ,  0,198,  1,  6, 57, 58, 14, 57, 58, 14, 44,  3, 57,  7, 58,  1, 14, 42
       52        52    1        ,  0,216,  1,  6, 58, 57, 14, 58, 57, 14, 46,  3, 58,  7, 57,  1, 14, 42
       53        53    1        ,  0,234,  1,  6, 58, 58, 14, 58, 58, 14, 47,  3, 58,  7, 58,  1, 14, 42
       54        54    1        ,  0,252,  1,  3, 58, 58, 97, 49,  1, 69, 50
       55        55    1        ,  0, 14,  2,  2, 57,100,  0,  1, 99, 26
       56        56    1        ,  0, 25,  2,  2, 57,111,  0,  1,110, 26
       57        57    1        ,  0, 35,  2,  2, 57,112,  3,  1,110,  7
       58        58    1        ,  0, 45,  2,  2, 58,  4, 51,  1, 58, 26
       59        59    1        ,  0, 55,  2,  2, 58, 14,  3,  2, 72,  2,113,  7
       60        60    1        ,  0, 65,  2,  2, 58, 62, 51,  1, 63, 26
       61        61    1        ,  0, 77,  2,  2, 58, 71, 51,  1, 73, 26
       62        62    1        ,  0, 87,  2,  2, 58, 72,  3,  1, 73,  7
       63        63    1        ,  0, 97,  2,  2, 58, 72, 55,  1, 63,  7
       64        64    1        ,  0,107,  2,  2, 58,111, 51,  1,113, 26
       65        65    1        ,  0,117,  2,  2, 58,112,  3,  1,113,  7
       66        66    1        ,  0,127,  2,  2, 58,112, 55,  1,101,  7
       67        67    1        ,  0,137,  2,  2, 61, 99, 33,  0
       68        68    1        ,  0,147,  2,  4, 61, 99, 61, 99, 60,  3, 57,  7, 57,  1, 14, 62
       69        69    1        ,  0,155,  2,  2, 63,101, 33,  0
       70        70    1        ,  0,171,  2,  4, 78, 72, 78,112, 65,  0
       71        71    1        ,  0,179,  2,  4, 78, 71, 78,111, 65,  0
CC.C03    File=zbo$patterns:c.:ZBC3TOU                                              Fri Aug 22 1997  Page=3  
       72        72    1        ,  0,189,  2,  4, 78, 62, 78,100, 65,  0
       73        73    1        ,  0,199,  2,  4, 78,111, 78, 71, 68,  3, 42,  2, 78,  7,111,  1
       74        74    1        ,  0,209,  2,  4, 78,100, 78, 62, 68,  3, 42, 15, 78,  7,100,  1
       75        75    1        ,  0,225,  2,  4, 79, 71, 79,111, 65,  0
       76        76    1        ,  0,241,  2,  4, 79, 62, 79,100, 65,  0
       77        77    1        ,  0,251,  2,  4, 79,111, 79, 71, 68,  3, 42,  2, 79,  7,111,  1
       78        78    1        ,  0,  5,  3,  4, 79,100, 79, 62, 68,  3, 42, 15, 79,  7,100,  1
       79        79    1        ,  0, 21,  3,  4, 78,112, 78, 72, 71,  3, 42,  1, 78,  7,112,  1
       80        80    1        ,  0, 37,  3,  2, 69,  3, 74,  1, 39,  0
       81        81    1        ,  0, 53,  3,  2, 69, 39, 77,  1, 69, 75
       82        82    1        ,  0, 63,  3,  2, 69, 12, 73,  1,126,  1
       83        83    1        ,  0, 73,  3,  2, 69, 13, 73,  1,129,  1
       84        84    1        ,  0, 83,  3,  2, 69, 45, 74,  1, 85,  2
       85        85    1        ,  0, 93,  3,  2, 60, 45, 78,  1, 85, 15
       86        86    1        ,  0,103,  3,  3, 69, 70,  3, 79,  2, 70,  1, 39,  0
       87        87    1        ,  0,113,  3,  3, 69, 73,  3, 79,  2, 73,  1, 39,  0
       88        88    1        ,  0,126,  3,  2, 69, 81, 74,  1, 85,  2
       89        89    1        ,  0,139,  3,  2, 60, 81, 78,  1, 85, 15
       90        90    1        ,  0,149,  3,  2, 69, 96, 74,  1, 52,  0
       91        91    1        ,  0,159,  3,  2, 69, 52, 81,  1, 69, 80
       92        92    1        ,  0,169,  3,  2, 69,  3, 82,  0
       93        93    1        ,  0,179,  3,  2, 60,  3, 83,  0
       94        94    1        ,  0,187,  3,  2, 69,  5, 82,  0
       95        95    1        ,  0,195,  3,  2, 60,  5, 83,  0
       96        96    1        ,  0,203,  3,  2,125,  3, 33,  0
       97        97    1        ,  0,211,  3,  2, 69, 10, 25,  1,124,  1
       98        98    1        ,  0,219,  3,  2, 69, 11, 25,  1,126,  1
       99        99    1        ,  0,229,  3,  2, 69, 12, 25,  1,127,  1
      100       100    1        ,  0,239,  3,  2, 69, 13, 25,  1,128,  1
      101       101    1        ,  0,249,  3,  2, 69, 16, 25,  1,129,  1
      102       102    1        ,  0,  3,  4,  2, 69, 17, 25,  1,130,  1
      103       103    1        ,  0, 13,  4,  3, 69, 28,116, 82,  1,116,  0
      104       104    1        ,  0, 23,  4,  3, 69, 28,117, 82,  1,117,  0
      105       105    1        ,  0, 34,  4,  3, 69, 28,118, 82,  1,118,  0
      106       106    1        ,  0, 45,  4,  3, 69, 28,119, 82,  1,119,  0
      107       107    1        ,  0, 56,  4,  3, 69, 28,120, 82,  1,120,  0
      108       108    1        ,  0, 67,  4,  3, 69, 28,121, 82,  1,121,  0
CC.C03    File=zbo$patterns:c.:ZBC3TOU                                              Fri Aug 22 1997  Page=4  
      109       109    1        ,  0, 78,  4,  3, 69, 31,116, 82,  1,116,  0
      110       110    1        ,  0, 89,  4,  3, 69, 31,121, 82,  1,121,  0
      111       111    1        ,  0,100,  4,  3, 69, 31,124, 82,  1,124,  8
      112       112    1        ,  0,111,  4,  3, 69, 31,130, 82,  1,130,  8
      113       113    1        ,  0,122,  4,  2, 69, 56, 82,  0
      114       114    1        ,  0,133,  4,  2, 60, 56, 83,  0
      115       115    1        ,  0,141,  4,  2,125, 56, 33,  0
      116       116    1        ,  0,149,  4,  2, 69,110, 25,  1,131,  1
      117       117    1        ,  0,157,  4,  2, 69,113, 25,  1,133,  1
      118       118    1        ,  0,167,  4,  2, 69, 96, 82,  0
      119       119    1        ,  0,177,  4,  2, 60, 96, 83,  0
      120       120    1        ,  0,185,  4,  2,125, 96, 33,  0
      121       121    1        ,  0,193,  4,  2, 69,123, 82,  0
      122       122    1        ,  0,201,  4,  2, 60,123, 83,  0
      123       123    1        ,  0,209,  4,  2,125,123, 33,  0
      124       124    1        ,  0,217,  4,  2, 69,  3, 85,  1, 52,  0
      125       125    1        ,  0,225,  4,  2, 69, 11, 84,  1,127,  1
      126       126    1        ,  0,235,  4,  2, 69, 16, 84,  1,128,  1
      127       127    1        ,  0,245,  4,  2, 69, 45, 85,  0
      128       128    1        ,  0,255,  4,  2, 60, 45, 86,  0
      129       129    1        ,  0,  7,  5,  2, 69, 46, 85,  0
      130       130    1        ,  0, 15,  5,  2, 60, 46, 86,  0
      131       131    1        ,  0, 23,  5,  3, 69, 70,  3, 87,  2, 70,  1, 52,  0
      132       132    1        ,  0, 31,  5,  3, 69, 73,  3, 87,  2, 73,  1, 52,  0
      133       133    1        ,  0, 44,  5,  2, 69, 81, 82,  2,  8,  2, 69, 24
      134       134    1        ,  0, 57,  5,  2, 60, 81, 83,  2,  8, 15, 60, 24
      135       135    1        ,  0, 69,  5,  2, 69, 82, 82,  2,  8,  2, 69, 24
      136       136    1        ,  0, 81,  5,  2, 60, 82, 83,  2,  8, 15, 60, 24
      137       137    1        ,  0, 93,  5,  2, 69, 81, 85,  0
      138       138    1        ,  0,105,  5,  2, 60, 81, 86,  0
      139       139    1        ,  0,113,  5,  2, 69, 82, 85,  0
      140       140    1        ,  0,121,  5,  2, 60, 82, 86,  0
      141       141    1        ,  0,129,  5,  2, 69, 96, 85,  1, 39,  0
      142       142    1        ,  0,137,  5,  3, 69, 70, 81, 10,  3, 70,  1, 69,  7, 81,  2
      143       143    1        ,  0,147,  5,  4, 69, 70,  3, 69, 10,  4, 70,  1, 69,  7,  3,  2, 69,  4
      144       144    1        ,  0,162,  5,  4, 69, 70,  3, 52, 10,  4, 70,  1, 69,  7,  3,  2, 52,  0
      145       145    1        ,  0,180,  5,  4, 69, 70,  3, 39, 10,  4, 70,  1, 69,  7,  3,  2, 39,  0
CC.C03    File=zbo$patterns:c.:ZBC3TOU                                              Fri Aug 22 1997  Page=5  
      146       146    1        ,  0,198,  5,  3, 69, 73, 81, 10,  3, 73,  1, 69,  7, 81,  2
      147       147    1        ,  0,216,  5,  4, 69, 73,  3, 69, 10,  4, 73,  1, 69,  7,  3,  2, 69,  4
      148       148    1        ,  0,231,  5,  4, 69, 73,  3, 52, 10,  4, 73,  1, 69,  7,  3,  2, 52,  0
      149       149    1        ,  0,249,  5,  4, 69, 73,  3, 39, 10,  4, 73,  1, 69,  7,  3,  2, 39,  0
      150       150    1        ,  0, 11,  6,  3, 60, 61, 81, 88,  3, 61,  1, 60,  7, 81, 15
      151       151    1        ,  0, 29,  6,  4, 60, 61,  3, 60, 88,  4, 61,  1, 60,  7,  3, 15, 60,  4
      152       152    1        ,  0, 44,  6,  3, 60, 63, 81, 88,  3, 63,  1, 60,  7, 81, 15
      153       153    1        ,  0, 62,  6,  4, 60, 63,  3, 60, 88,  4, 63,  1, 60,  7,  3, 15, 60,  4
      154       154    1        ,  0, 77,  6,  2, 69, 81, 90,  2, 69, 11,106,  2
      155       155    1        ,  0, 95,  6,  2, 69, 81, 92,  2, 69, 14,106,  2
      156       156    1        ,  0,107,  6,  2, 69, 81, 94,  2, 69, 95,106,  2
      157       157    1        ,  0,119,  6,  2, 69, 81, 98,  2, 69, 61,106,  2
      158       158    1        ,  0,131,  6,  2, 69, 81,101,  2, 69,102,106,  2
      159       159    1        ,  0,143,  6,  2, 69, 81,105,  2, 69,106,106,  2
      160       160    1        ,  0,155,  6,  2, 69, 81,109,  2, 69,110,106,  2
      161       161    1        ,  0,167,  6,  2, 69, 81,113,  2, 69, 52,106,  2
      162       162    1        ,  0,179,  6,  2, 69, 82, 90,  2, 69, 11,107,  2
      163       163    1        ,  0,191,  6,  2, 69, 82, 92,  2, 69, 14,107,  2
      164       164    1        ,  0,203,  6,  2, 69, 82, 94,  2, 69, 95,107,  2
      165       165    1        ,  0,215,  6,  2, 69, 82, 98,  2, 69, 61,107,  2
      166       166    1        ,  0,227,  6,  2, 69, 82,101,  2, 69,102,107,  2
      167       167    1        ,  0,239,  6,  2, 69, 82,105,  2, 69,106,107,  2
      168       168    1        ,  0,251,  6,  2, 69, 82,109,  2, 69,110,107,  2
      169       169    1        ,  0,  7,  7,  2, 69, 82,113,  2, 69, 52,107,  2
      170       170    1        ,  0, 19,  7,  2, 69,  3,115,  1,  3,  7
      171       171    1        ,  0, 31,  7,  2, 69, 96,115,  1, 96,  7
      172       172    1        ,  0, 41,  7,  2, 69, 81,115,  1, 81,  7
      173       173    1        ,  0, 51,  7,  2, 69, 45,115,  1, 45,  7
      174       174    1        ,  0, 61,  7,  2, 69, 89,115,  1, 89,  7
      175       175    1        ,  0, 71,  7,  2, 69, 85,115,  1, 85,  7
      176       176    1        ,  0, 81,  7,  2, 69,106,115,  1,106,  7
      177       177    1        ,  0, 91,  7,  2, 69,108,115,  1,108,  7
      178       178    1        ,  0,101,  7,  2, 69,  6,115,  1,  6,  7
      179       179    1        ,  0,111,  7,  2, 69, 98,115,  1, 98,  7
      180       180    1        ,  0,121,  7,  2, 69, 82,115,  1, 82,  7
      181       181    1        ,  0,131,  7,  2, 69, 46,115,  1, 46,  7
      182       182    1        ,  0,141,  7,  2, 69, 90,115,  1, 90,  7
CC.C03    File=zbo$patterns:c.:ZBC3TOU                                              Fri Aug 22 1997  Page=6  
      183       183    1        ,  0,151,  7,  2, 69,107,115,  1,107,  7
      184       184    1        ,  0,161,  7,  2, 69,109,115,  1,109,  7
      185       185    1        ,  0,171,  7,  2, 69,  2,115,  1,  2,  7
      186       186    1        ,  0,181,  7,  2, 69, 95,115,  1, 95,  7
      187       187    1        ,  0,191,  7,  2, 69, 80,115,  1, 80,  7
      188       188    1        ,  0,201,  7,  2, 69, 44,115,  1, 44,  7
      189       189    1        ,  0,211,  7,  2, 69, 84,115,  1, 84,  7
      190       190    1        ,  0,221,  7,  2, 69, 49,115,  1, 49,  7
      191       191    1        ,  0,231,  7,  2, 69, 48,115,  1, 48,  7
      192       192    1        ,  0,241,  7,  2, 69,125,115,  1,125,  7
      193       193    1        ,  0,251,  7,  2, 69,132,115,  1,132,  7
      194       194    1        ,  0,  5,  8,  2, 69, 75,  3,  1, 72,  7
      195       195    1        ,  0, 15,  8,  2, 69,115,  3,  1,112,  7
      196       196    1        ,  0, 25,  8,  2, 69,  5,  3,  1,  4,  7
      197       197    1        ,  0, 35,  8,  2, 60,  5,117,  1,  4,  7
      198       198    1        ,  0, 45,  8,  2, 69,  9,  3,  1,  8,  7
      199       199    1        ,  0, 55,  8,  2, 69, 15,  3,  1, 14,  7
      200       200    1        ,  0, 65,  8,  2, 69, 43,  3,  1, 42,  7
      201       201    1        ,  0, 75,  8,  3, 69, 69, 25, 33,  0
      202       202    1        ,  0, 85,  8,  3, 69, 69, 37, 33,  0
      203       203    1        ,  0, 94,  8,  3, 69, 69, 21, 33,  0
      204       204    1        ,  0,103,  8,  2, 69,  7,115,  1,  7,  7
      205       205    1        ,  0,112,  8,  2, 69, 56,115,  1, 56,  7
      206       206    1        ,  0,122,  8,  2, 69,123,115,  1,123,  7
      207       207    1        ,  0,132,  8,  2, 69, 32,115,  1, 32,  7
      208       208    1        ,  0,142,  8,  2, 69, 91,115,  1, 91,  7
      209       209    1        ,  0,152,  8,  2, 69, 91, 25,  0
      210       210    1        ,  0,162,  8,  2, 69, 92,115,  1, 92,  7
      211       211    1        ,  0,170,  8,  2, 69, 92, 25,  0
      212       212    1        ,  0,180,  8,  2, 69, 55,115,  1, 55,  7
      213       213    1        ,  0,188,  8,  2, 69,102,115,  1,102,  7
      214       214    1        ,  0,198,  8,  2, 69, 28,115,  1, 28,  7
      215       215    1        ,  0,208,  8,  2, 69, 31,115,  1, 31,  7
      216       216    1        ,  0,218,  8,  2, 69, 27,115,  1, 27,  7
      217       217    1        ,  0,228,  8,  3, 70, 39,110, 63,  1, 40,  7
      218       218    1        ,  0,238,  8,  3, 70, 52,110, 63,  1, 53,  7
      219       219    1        ,  0,249,  8,  3, 70, 69, 81,119,  1, 69, 24
CC.C03    File=zbo$patterns:c.:ZBC3TOU                                              Fri Aug 22 1997  Page=7  
      220       220    1        ,  0,  4,  9,  2, 85,116, 32,  1,116,  0
      221       221    1        ,  0, 15,  9,  2, 85,117, 32,  1,119,  0
      222       222    1        ,  0, 25,  9,  2, 85,118, 32,  1,120,  0
      223       223    1        ,  0, 35,  9,  2, 85,119, 32,  1,117,  0
      224       224    1        ,  0, 45,  9,  2, 85,120, 32,  1,118,  0
      225       225    1        ,  0, 55,  9,  2, 85,121, 32,  1,121,  0
      226       226    1        ,  0, 65,  9,  2, 70,110, 33,  0
      227       227    1        ,  0, 75,  9,  2,135, 14,  3,  2, 72,  2,104,  7
      228       228    1        ,  0, 83,  9,  3, 73, 39,113, 63,  1, 41,  7
      229       229    1        ,  0, 95,  9,  3, 73, 52,113, 63,  1, 54,  7
      230       230    1        ,  0,106,  9,  3, 73, 69, 81,119,  1, 69, 24
      231       231    1        ,  0,117,  9,  2,135, 72,  3,  1, 65,  7
      232       232    1        ,  0,128,  9,  2, 73,113, 33,  0
      233       233    1        ,  0,138,  9,  2,135,112,  3,  1,104,  7
      234       234    1        ,  0,146,  9,  2, 81, 85, 33,  2, 85,  7, 81,  7
      235       235    1        ,  0,156,  9,  2, 85,  3, 33,  1, 96,  7
      236       236    1        ,  0,168,  9,  2, 84,  2, 33,  1, 95,  7
      237       237    1        ,  0,178,  9,  2, 85, 96, 33,  1,  3,  7
      238       238    1        ,  0,188,  9,  2, 84, 95, 33,  1,  2,  7
      239       239    1        ,  0,198,  9,  2, 85, 85, 33,  0
      240       240    1        ,  0,208,  9,  2, 84, 84, 33,  0
      241       241    1        ,  0,216,  9,  1,100, 25,  1,112, 15
      242       242    1        ,  0,224,  9,  1,111, 25,  1,112,  2
      243       243    1        ,  0,233,  9,  3,101, 63, 88,120,  1, 88, 15
      244       244    1        ,  0,242,  9,  3,113, 73, 88,121,  1, 88,  2
      245       245    1        ,  0,253,  9,  5, 58,112, 58, 72, 88,123,  1, 88,  1
      246       246    1        ,  0,  8, 10,  4, 69, 96, 69, 96,  6,  2, 69, 19, 96,  2
      247       247    1        ,  0, 21, 10,  4, 60, 96, 60, 96, 18,  2, 60, 19, 96, 15
      248       248    1        ,  0, 35, 10,  4, 69, 96, 69,  3,  6,  2, 69,  9, 96,  2
      249       249    1        ,  0, 49, 10,  4, 60, 96, 60,  3, 18,  2, 60,  9, 96, 15
      250       250    1        ,  0, 63, 10,  4, 69, 96, 69, 81,  6,  4, 69,  8, 81,  2, 69, 20, 96,  2
      251       251    1        ,  0, 77, 10,  4, 69, 96, 69,106, 22,  4, 69,  8,106,  2, 69, 23, 96,  2
      252       252    1        ,  0, 95, 10,  2,116,116,  0,  1,121,  0
      253       253    1        ,  0,113, 10,  2,116,121,  0,  1,116,  0
      254       254    1        ,  0,123, 10,  2,116,130,  0,  1,124,  1
      255       255    1        ,  0,133, 10,  2,116,124,  0,  1,130,  1
      256       256    1        ,  0,143, 10,  2,117,116,  0,  1,120,  0
CC.C03    File=zbo$patterns:c.:ZBC3TOU                                              Fri Aug 22 1997  Page=8  
      257       257    1        ,  0,153, 10,  2,117,121,  0,  1,117,  0
      258       258    1        ,  0,163, 10,  2,117,124,  0,  1,129,  1
      259       259    1        ,  0,173, 10,  2,117,130,  0,  1,126,  1
      260       260    1        ,  0,183, 10,  2,118,116,  0,  1,119,  0
      261       261    1        ,  0,193, 10,  2,118,121,  0,  1,118,  0
      262       262    1        ,  0,203, 10,  2,118,124,  0,  1,128,  1
      263       263    1        ,  0,213, 10,  2,118,130,  0,  1,127,  1
      264       264    1        ,  0,223, 10,  2,119,116,  0,  1,118,  0
      265       265    1        ,  0,233, 10,  2,119,121,  0,  1,119,  0
      266       266    1        ,  0,243, 10,  2,119,124,  0,  1,127,  1
      267       267    1        ,  0,253, 10,  2,119,130,  0,  1,128,  1
      268       268    1        ,  0,  7, 11,  2,120,116,  0,  1,117,  0
      269       269    1        ,  0, 17, 11,  2,120,121,  0,  1,120,  0
      270       270    1        ,  0, 27, 11,  2,120,124,  0,  1,126,  1
      271       271    1        ,  0, 37, 11,  2,120,130,  0,  1,129,  1
      272       272    1        ,  0, 47, 11,  2,121,116,  0,  1,116,  0
      273       273    1        ,  0, 57, 11,  2,121,121,  0,  1,121,  0
      274       274    1        ,  0, 67, 11,  2,121,124,  0,  1,124,  1
      275       275    1        ,  0, 77, 11,  2,121,130,  0,  1,130,  1
      276       276    1        ,  0, 87, 11,  3, 72, 69,  7,127,  1, 72, 11
      277       277    1        ,  0, 97, 11,  6, 72, 69,  7, 69, 69, 25,131,  4, 72,  7, 69,  4, 69, 35, 25,
                                0
      278       278    1        ,  0,108, 11,  6, 72, 69, 69, 25, 69,  7,138,  1, 72, 11
      279       279    1        ,  0,128, 11,  7, 72, 69, 69, 25, 69, 28,124,143,  4, 72, 11, 69, 35, 28,  2,1
                               24,144
      280       280    1        ,  0,142, 11,  7, 72, 69, 69, 25, 69, 28,130,143,  4, 72, 11, 69, 35, 28,  2,1
                               30,144
      281       281    1        ,  0,163, 11,  9, 72, 69, 69, 25, 69, 69, 26, 69,  7,153,  1, 72, 11
      282       282    1        ,  0,184, 11,  2, 29,116,  0,  2, 30, 30,116,  0
      283       283    1        ,  0,201, 11,  2, 29,121,  0,  2, 30, 30,121,  0
      284       284    1        ,  0,213, 11,  2, 29,124,  0,  2, 30, 30,124,  1
      285       285    1        ,  0,225, 11,  2, 29,130,  0,  2, 30, 30,130,  1
      286       286    1        ,  0,237, 11,  2, 31,116,154,  2, 30,  7,116,  0
      287       287    1        ,  0,249, 11,  2, 31,121,154,  2, 30,  7,121,  0
      288       288    1        ,  0,  5, 12,  2, 30,124, 32,  1, 10,  1
      289       289    1        ,  0, 17, 12,  2, 30,130, 32,  1, 17,  1
      290       290    1        ,  0, 27, 12,  4, 73, 57,  1,  4, 10,  4,  4,  4, 73,  7, 57,  1,  1,  2
CC.C03    File=zbo$patterns:c.:ZBC3TOU                                              Fri Aug 22 1997  Page=9  
      291       291    1        ,  0, 37, 12,  4, 70, 57,  1,  4, 10,  4,  4,  4, 70,  7, 57,  1,  1,  2
      292       292    1        ,  0, 55, 12,  2, 28,124,154,  2, 30,  7,124,  1
      293       293    1        ,  0, 73, 12,  2, 28,130,154,  2, 30,  7,130,  1
      294       294    1        ,  0, 85, 12,  3,124, 18,134, 63,  2,130,  1,134,  7
      295       295    1        ,  0, 97, 12,  3,126, 18,134, 63,  2,129,  1,134,  7
      296       296    1        ,  0,110, 12,  3,127, 18,134, 63,  2,128,  1,134,  7
      297       297    1        ,  0,123, 12,  3,129, 18,134, 63,  2,126,  1,134,  7
      298       298    1        ,  0,136, 12,  3,128, 18,134, 63,  2,127,  1,134,  7
      299       299    1        ,  0,149, 12,  3,130, 18,134, 63,  2,124,  1,134,  7
      300       300    1        ,  0,162, 12,  3, 10, 18,134, 63,  2, 17,  1,134,  7
      301       301    1        ,  0,175, 12,  3, 11, 18,134, 63,  2, 16,  1,134,  7
      302       302    1        ,  0,188, 12,  3, 12, 18,134, 63,  2, 13,  1,134,  7
      303       303    1        ,  0,201, 12,  3, 16, 18,134, 63,  2, 11,  1,134,  7
      304       304    1        ,  0,214, 12,  3, 13, 18,134, 63,  2, 12,  1,134,  7
      305       305    1        ,  0,227, 12,  3, 17, 18,134, 63,  2, 10,  1,134,  7
      306       306    1        ,  0,240, 12,  2, 67, 67,  0,  1, 67,  1
      307       307    1        ,  0,253, 12,  3, 67,134, 67,  0,  2,134,  1, 67,  8
      308       308    1        ,  0,  7, 13,  2, 67, 88,  0,  1, 88,  1
      309       309    1        ,  0, 20, 13,  2, 69, 30, 82,  1,121,  0
      310       310    1        ,  0, 30, 13,  1,125, 32,  1, 69, 24
      311       311    1        ,  0, 40, 13,  3, 69, 69,  3,156,  1, 69, 26
      312       312    1        ,  0, 49, 13,  3, 69, 69, 96,158,  1, 69, 50
      313       313    1        ,  0, 60, 13,  3, 69, 69, 81,161,  1, 69,159
      314       314    1        ,  0, 71, 13,  3, 69, 69, 45,163,  1, 69,164
      315       315    1        ,  0, 82, 13,  3, 69, 69,  7, 10,  1, 69,165
      316       316    1        ,  0, 93, 13,  3, 69, 69, 56, 10,  1, 69,166
      317       317    1        ,  0,104, 13,  3, 69, 69, 56,168,  0
      318       318    1        ,  0,115, 13,  3, 69, 69,123, 10,  1, 69,169
      319       319    1        ,  0,124, 13,  3, 69, 69,123,168,  0
      320       320    1        ,  0,135, 13,  3, 69, 69, 91, 10,  1, 69,170
      321       321    1        ,  0,144, 13,  3, 69, 69, 92, 10,  1, 69,172
      322       322    1        ,  0,155, 13,  2, 69, 85,175,  1, 69,173
      323       323    1        ,  0,166, 13,  2, 69, 32,  3,  1, 69,176
      324       324    1        ,  0,176, 13,  2, 60, 85, 16,  1, 60,173
      325       325    1        ,  0,186, 13,  3, 69, 57,  1,183,  1,  4,186
      326       326    1        ,  0,196, 13,  3, 69, 57, 59,183,  2,  4,186, 72,185
      327       327    1        ,  0,207, 13,  3, 69, 57, 94,183,  2,  4,186,112,185
CC.C03    File=zbo$patterns:c.:ZBC3TOU                                              Fri Aug 22 1997  Page=10 
      328       328    1        ,  0,220, 13,  2, 69,116,  0,  1, 69, 25
      329       329    1        ,  0,233, 13,  2, 69,121,  0,  1, 69, 27
      330       330    1        ,  0,243, 13,  2, 69,117,  0,  1, 69,187
      331       331    1        ,  0,253, 13,  2, 69,119,  0,  1, 69,188
      332       332    1        ,  0,  7, 14,  2, 69,118,  0,  1, 69,189
      333       333    1        ,  0, 17, 14,  2, 69,120,  0,  1, 69,190
      334       334    1        ,  0, 27, 14,  2, 69,124, 25,  1, 18,  1
      335       335    1        ,  0, 37, 14,  2, 69,124,  0,  0
      336       336    1        ,  0, 47, 14,  2, 69,130, 27,  1, 18,  1
      337       337    1        ,  0, 55, 14,  2, 69,130,  0,  0
      338       338    1        ,  0, 65, 14,  2, 69,126,187,  1, 18,  1
      339       339    1        ,  0, 73, 14,  2, 69,126,  0,  0
      340       340    1        ,  0, 83, 14,  2, 69,128,188,  1, 18,  1
      341       341    1        ,  0, 91, 14,  2, 69,128,  0,  0
      342       342    1        ,  0,101, 14,  2, 69,127,189,  1, 18,  1
      343       343    1        ,  0,109, 14,  2, 69,127,  0,  0
      344       344    1        ,  0,119, 14,  2, 69,129,190,  1, 18,  1
      345       345    1        ,  0,127, 14,  2, 69,129,  0,  0
      346       346    1        ,  0,137, 14,  3, 69, 69, 10, 33,  1, 18,  8
      347       347    1        ,  0,145, 14,  3, 69, 69, 10,  0,  0
      348       348    1        ,  0,156, 14,  3, 69, 69, 17,191,  1, 18,  8
      349       349    1        ,  0,165, 14,  3, 69, 69, 17,  0,  0
      350       350    1        ,  0,176, 14,  3, 69, 69, 11,192,  1, 18,  8
      351       351    1        ,  0,185, 14,  3, 69, 69, 11,  0,  0
      352       352    1        ,  0,196, 14,  3, 69, 69, 13,193,  1, 18,  8
      353       353    1        ,  0,205, 14,  3, 69, 69, 13,  0,  0
      354       354    1        ,  0,216, 14,  3, 69, 69, 12,194,  1, 18,  8
      355       355    1        ,  0,225, 14,  3, 69, 69, 12,  0,  0
      356       356    1        ,  0,236, 14,  3, 69, 69, 16,195,  1, 18,  8
      357       357    1        ,  0,245, 14,  3, 69, 69, 16,  0,  0
      358       358    1        ,  0,  0, 15,  4, 57, 72, 58,112,197,  3, 57,  7, 58,  8, 14,  1
      359       359    1        ,  0,  9, 15,  4, 58, 72, 57,112,197,  3, 58,  7, 57,  8, 14,  1
      360       360    1        ,  0, 25, 15,  4, 58, 72, 58,112,201,  3, 58,  7, 58,  8, 14,  1
      361       361    1        ,  0, 41, 15,  4, 57, 72, 57,112,206,  3, 57,  7, 57,  8, 14,  1
      362       362    1        ,  0, 57, 15,  4, 69, 69, 69, 24, 82,  1,132,  8
      363       363    1        ,  0, 73, 15,  4, 69, 69, 69, 26,208,  1, 60,  7
      364       364    1        ,  0, 85, 15,  4, 69, 69, 69, 25,209,  1, 60,  7
CC.C03    File=zbo$patterns:c.:ZBC3TOU                                              Fri Aug 22 1997  Page=11 
      365       365    1        ,  0, 97, 15,  3, 72, 69, 55,214,  3, 71,216, 69,218, 55,  2
      366       366    1        ,  0,109, 15,  3, 63, 69, 55,222,  3, 73,223, 69,218, 55,  2
      367       367    1        ,  0,124, 15,  3, 61, 69, 55,222,  3, 70,223, 69,218, 55,  2
      368       368    1        ,  0,139, 15,  3, 62, 69, 55,222,  3, 71,223, 69,218, 55,  2
      369       369    1        ,  0,154, 15,  2, 69, 55,226,  2,  8,  1, 69, 24
      370       370    1        ,  0,169, 15,  4, 73, 69,  3,113,228,  4, 69,  1, 73,  7,  3,  2,113,  4
      371       371    1        ,  0,181, 15,  4, 63, 60,  3,101,229,  4, 60,  1, 63,  7,  3, 15,101,  4
      372       372    1        ,  0,199, 15,  4, 73, 70,  3,113,228,  4, 70,  1, 73,  7,  3,  2,113,  4
      373       373    1        ,  0,217, 15,  4, 63, 61,  3,101,229,  4, 61,  1, 63,  7,  3, 15,101,  4
      374       374    1        ,  0,235, 15,  4, 73, 73,  3,113,230,  4, 73,  1, 73,  7,  3,  2,113,  4
      375       375    1        ,  0,253, 15,  4, 63, 63,  3,101,231,  4, 63,  1, 63,  7,  3, 15,101,  4
      376       376    1        ,  0, 15, 16,  4, 70, 69,  3,110,228,  4, 69,  1, 70,  7,  3,  2,110,  4
      377       377    1        ,  0, 33, 16,  4, 61, 60,  3, 99,229,  4, 60,  1, 61,  7,  3, 15, 99,  4
      378       378    1        ,  0, 51, 16,  4, 70, 70,  3,110,230,  4, 70,  1, 70,  7,  3,  2,110,  4
      379       379    1        ,  0, 69, 16,  4, 61, 61,  3, 99,231,  4, 61,  1, 61,  7,  3, 15, 99,  4
      380       380    1        ,  0, 87, 16,  4, 70, 73,  3,110,228,  4, 73,  1, 70,  7,  3,  2,110,  4
      381       381    1        ,  0,105, 16,  4, 61, 63,  3, 99,229,  4, 63,  1, 61,  7,  3, 15, 99,  4
      382       382    1        ,  0,123, 16,  4, 73, 69, 56,113,228,  4, 69,  1, 73,  7, 56,  2,113,  4
      383       383    1        ,  0,141, 16,  4, 73, 70, 56,113,228,  4, 70,  1, 73,  7, 56,  2,113,  4
      384       384    1        ,  0,159, 16,  4, 73, 73, 56,113,230,  4, 73,  1, 73,  7, 56,  2,113,  4
      385       385    1        ,  0,177, 16,  4, 70, 69, 56,110,228,  4, 69,  1, 70,  7, 56,  2,110,  4
      386       386    1        ,  0,195, 16,  4, 70, 70, 56,110,230,  4, 70,  1, 70,  7, 56,  2,110,  4
      387       387    1        ,  0,213, 16,  4, 70, 73, 56,110,228,  4, 73,  1, 70,  7, 56,  2,110,  4
      388       388    1        ,  0,231, 16,  4, 73, 69,  7,113,228,  4, 69,  1, 73,  7,  7,  2,113,  4
      389       389    1        ,  0,249, 16,  4, 73, 70,  7,113,228,  4, 70,  1, 73,  7,  7,  2,113,  4
      390       390    1        ,  0, 11, 17,  4, 73, 73,  7,113,230,  4, 73,  1, 73,  7,  7,  2,113,  4
      391       391    1        ,  0, 29, 17,  4, 70, 69,  7,110,228,  4, 69,  1, 70,  7,  7,  2,110,  4
      392       392    1        ,  0, 47, 17,  4, 70, 70,  7,110,230,  4, 70,  1, 70,  7,  7,  2,110,  4
      393       393    1        ,  0, 65, 17,  4, 70, 73,  7,110,228,  4, 73,  1, 70,  7,  7,  2,110,  4
      394       394    1        ,  0, 83, 17,  2, 72,  8, 33,  1,  8, 30
      395       395    1        ,  0,101, 17,  7, 58, 72, 69, 69, 69, 69, 56,243, 12, 73,245, 69,  8, 56,  2,
                               73, 56, 69,  4, 56,  2, 73,246, 69, 35, 56,  2, 73,  7, 69, 41, 56,  2
      396       396    1        ,  0,111, 17,  6, 69, 42,113, 69, 42,113,249,  6, 69,  7,113,  8, 69,  4,113,
                               41, 69,  7, 69,  4
      397       397    1        ,  0,148, 17,  5,135,135,  4,137,112,254,  5,135,  7,112, 35,135,  1,  4,  8,1
                               37,  4
      398       398    1        ,  0,172, 17,  5,136,136,  4,138,112,255,255,  0,  5,136,  7,112, 35,136,  1,
CC.C03    File=zbo$patterns:c.:ZBC3TOU                                              Fri Aug 22 1997  Page=12 
                                4,  8,138,  4
      399       399    1        ,  0,193, 17,  2, 42,113, 32,  2,113,  1, 73,  1
      400       400    1        ,  0,216, 17,  2, 42,110, 32,  2,110,  1, 70,  1
      401       401    1        ,  0,228, 17,  2, 42,104, 32,  2,104,  1, 65,  1
      402       402    1        ,  0,240, 17,  3, 42,136,112,255,  0,  1,  4,136,  1,112,  2,136,  1, 72,  2
      403       403    1        ,  0,252, 17,  3, 42,135,111, 32,  4,135,  1,111,  8,135,  1, 71,  8
      404       404    1        ,  0, 15, 18,  3, 42,136,111, 32,  4,136,  1,111,  8,136,  1, 71,  8
      405       405    1        ,  0, 32, 18,  2, 42,101,255,  1,  1,  2,101,  1, 63,  1
      406       406    1        ,  0, 49, 18,  2, 42, 99,255,  1,  1,  2, 99,  1, 61,  1
      407       407    1        ,  0, 63, 18,  3, 42,135,112,255,  2,  1,  4,135,  1,112, 15,135,  1, 72, 15
      408       408    1        ,  0, 77, 18,  3, 42,136,112,255,  2,  1,  4,136,  1,112, 15,136,  1, 72, 15
      409       409    1        ,  0, 96, 18,  3, 42,135,100,255,  1,  1,  4,135,  1,100,  8,135,  1, 62,  8
      410       410    1        ,  0,115, 18,  3, 42,136,100,255,  1,  1,  4,136,  1,100,  8,136,  1, 62,  8
      411       411    1        ,  0,134, 18,  2, 73, 42,  3,  2, 73,  7, 73,  7
      412       412    1        ,  0,153, 18,  2, 70, 42,  3,  2, 70,  7, 70,  7
      413       413    1        ,  0,165, 18,  2, 65, 42,  3,  2, 65,  7, 65,  7
      414       414    1        ,  0,177, 18,  3,136, 72, 42,255,  4,  1,  4,136,  7, 72,  2,136,  7, 72,  2
      415       415    1        ,  0,189, 18,  2, 63, 42, 16,  2, 63,  7, 63,  7
      416       416    1        ,  0,208, 18,  2, 61, 42, 16,  2, 61,  7, 61,  7
      417       417    1        ,  0,220, 18,  4,  4,137,135,  4,255,  8,  1,  3, 42, 30,  4,  7,137,  1
      418       418    1        ,  0,232, 18,  4,  4,138,136,  4,255,  8,  1,  3, 42, 30,  4,  7,138,  1
      419       419    1        ,  0,250, 18,  4,  4,104, 65,  4,255, 10,  1,  3, 42, 30,  4,  7,104,  1
      420       420    1        ,  0, 12, 19,  6,  4,135,112,135, 72,  4,255, 17,  1,  4, 42, 30,  4,  7,135,
                                1,112, 30
      421       421    1        ,  0, 30, 19,  6,  4,136,112,136, 72,  4,255, 17,  1,  4, 42, 30,  4,  7,136,
                                1,112, 30
      422       422    1        };
      423       423
      424       424             short lastind = 4916;
      425       425
      426       426             expr_t enodes[] = {
      427       427    1        /*   0 */	  0,     0,     0,
      428       428    1        /*   1 */	  1,     2,     0,
      429       429    1        /*   2 */	 26,     0,     0,
      430       430    1        /*   3 */	  2,     1,     2,
      431       431    1        /*   4 */	  1,     4,     0,
      432       432    1        /*   5 */	  2,     4,     2,
CC.C03    File=zbo$patterns:c.:ZBC3TOU                                              Fri Aug 22 1997  Page=13 
      433       433    1        /*   6 */	  9,     3,     5,
      434       434    1        /*   7 */	  1,     1,     0,
      435       435    1        /*   8 */	  1,     3,     0,
      436       436    1        /*   9 */	 14,     7,     8,
      437       437    1        /*  10 */	  2,     8,     2,
      438       438    1        /*  11 */	  0,     1,     0,
      439       439    1        /*  12 */	 13,     1,    11,
      440       440    1        /*  13 */	 14,     1,    11,
      441       441    1        /*  14 */	  0,     2,     0,
      442       442    1        /*  15 */	 15,    14,     2,
      443       443    1        /*  16 */	  2,     1,    15,
      444       444    1        /*  17 */	  2,     4,    15,
      445       445    1        /*  18 */	  9,    16,    17,
      446       446    1        /*  19 */	 13,     7,     8,
      447       447    1        /*  20 */	 15,     7,     8,
      448       448    1        /*  21 */	  2,     8,    11,
      449       449    1        /*  22 */	  9,     6,    21,
      450       450    1        /*  23 */	 15,    14,     7,
      451       451    1        /*  24 */	  0,     0,     0,
      452       452    1        /*  25 */	  2,     7,    24,
      453       453    1        /*  26 */	 13,     7,     1,
      454       454    1        /*  27 */	  3,     7,    24,
      455       455    1        /*  28 */	  9,    27,     3,
      456       456    1        /*  29 */	  9,    27,    16,
      457       457    1        /*  30 */	 25,     0,     0,
      458       458    1        /*  31 */	 15,    14,    30,
      459       459    1        /*  32 */	  2,     7,     2,
      460       460    1        /*  33 */	  2,     7,     1,
      461       461    1        /*  34 */	  2,     4,    19,
      462       462    1        /*  35 */	  1,     5,     0,
      463       463    1        /*  36 */	 13,     1,     8,
      464       464    1        /*  37 */	  2,    35,    36,
      465       465    1        /*  38 */	  9,    34,    37,
      466       466    1        /*  39 */	 13,     8,     2,
      467       467    1        /*  40 */	 13,     8,    15,
      468       468    1        /*  41 */	  1,     6,     0,
      469       469    1        /*  42 */	 13,     8,    41,
CC.C03    File=zbo$patterns:c.:ZBC3TOU                                              Fri Aug 22 1997  Page=14 
      470       470    1        /*  43 */	 28,     1,    35,
      471       471    1        /*  44 */	  9,    38,    43,
      472       472    1        /*  45 */	 28,     7,     4,
      473       473    1        /*  46 */	  9,    38,    45,
      474       474    1        /*  47 */	  9,    46,    43,
      475       475    1        /*  48 */	 28,     7,     1,
      476       476    1        /*  49 */	  9,    10,    48,
      477       477    1        /*  50 */	 14,     7,     1,
      478       478    1        /*  51 */	 28,     7,    26,
      479       479    1        /*  52 */	  0,     8,     0,
      480       480    1        /*  53 */	 17,     7,    52,
      481       481    1        /*  54 */	  2,    53,    24,
      482       482    1        /*  55 */	  9,    16,    54,
      483       483    1        /*  56 */	 13,     7,    15,
      484       484    1        /*  57 */	  2,     8,    56,
      485       485    1        /*  58 */	 13,     1,    15,
      486       486    1        /*  59 */	  2,     4,    58,
      487       487    1        /*  60 */	  9,    57,    59,
      488       488    1        /*  61 */	  0,     4,     0,
      489       489    1        /*  62 */	 15,    61,     2,
      490       490    1        /*  63 */	  2,     8,     7,
      491       491    1        /*  64 */	  2,     4,     1,
      492       492    1        /*  65 */	  9,    63,    64,
      493       493    1        /*  66 */	  4,     7,    11,
      494       494    1        /*  67 */	  9,    66,    63,
      495       495    1        /*  68 */	  9,    67,    64,
      496       496    1        /*  69 */	 17,     1,     2,
      497       497    1        /*  70 */	  2,    69,    24,
      498       498    1        /*  71 */	  9,    68,    70,
      499       499    1        /*  72 */	 20,    11,     0,
      500       500    1        /*  73 */	  2,     7,    72,
      501       501    1        /*  74 */	  9,    73,     3,
      502       502    1        /*  75 */	 14,     7,    11,
      503       503    1        /*  76 */	 15,    52,     2,
      504       504    1        /*  77 */	 29,    75,    76,
      505       505    1        /*  78 */	  9,    73,    16,
      506       506    1        /*  79 */	  9,    73,    10,
CC.C03    File=zbo$patterns:c.:ZBC3TOU                                              Fri Aug 22 1997  Page=15 
      507       507    1        /*  80 */	 13,     7,    11,
      508       508    1        /*  81 */	 29,    80,    76,
      509       509    1        /*  82 */	  9,    25,     3,
      510       510    1        /*  83 */	  9,    25,    16,
      511       511    1        /*  84 */	  2,     7,    11,
      512       512    1        /*  85 */	  9,    84,     3,
      513       513    1        /*  86 */	  9,    84,    16,
      514       514    1        /*  87 */	  9,    84,    10,
      515       515    1        /*  88 */	  2,     8,    15,
      516       516    1        /*  89 */	  2,     7,    14,
      517       517    1        /*  90 */	  9,    89,     3,
      518       518    1        /*  91 */	  2,     7,    61,
      519       519    1        /*  92 */	  9,    91,     3,
      520       520    1        /*  93 */	  2,     7,    52,
      521       521    1        /*  94 */	  9,    93,     3,
      522       522    1        /*  95 */	  0,     3,     0,
      523       523    1        /*  96 */	  0,    16,     0,
      524       524    1        /*  97 */	  2,     7,    96,
      525       525    1        /*  98 */	  9,    97,     3,
      526       526    1        /*  99 */	  0,    32,     0,
      527       527    1        /* 100 */	  2,     7,    99,
      528       528    1        /* 101 */	  9,   100,     3,
      529       529    1        /* 102 */	  0,     5,     0,
      530       530    1        /* 103 */	  0,    64,     0,
      531       531    1        /* 104 */	  2,     7,   103,
      532       532    1        /* 105 */	  9,   104,     3,
      533       533    1        /* 106 */	  0,     6,     0,
      534       534    1        /* 107 */	  0,   128,     0,
      535       535    1        /* 108 */	  2,     7,   107,
      536       536    1        /* 109 */	  9,   108,     3,
      537       537    1        /* 110 */	  0,     7,     0,
      538       538    1        /* 111 */	  0,   256,     0,
      539       539    1        /* 112 */	  2,     7,   111,
      540       540    1        /* 113 */	  9,   112,     3,
      541       541    1        /* 114 */	 27,     1,     0,
      542       542    1        /* 115 */	 21,   114,     0,
      543       543    1        /* 116 */	 29,     7,    76,
CC.C03    File=zbo$patterns:c.:ZBC3TOU                                              Fri Aug 22 1997  Page=16 
      544       544    1        /* 117 */	  9,    16,   116,
      545       545    1        /* 118 */	  2,     1,    24,
      546       546    1        /* 119 */	  9,   118,    10,
      547       547    1        /* 120 */	  9,    33,    88,
      548       548    1        /* 121 */	  9,    33,    10,
      549       549    1        /* 122 */	  2,     1,    35,
      550       550    1        /* 123 */	  9,    65,   122,
      551       551    1        /* 124 */	  0,   511,     0,
      552       552    1        /* 125 */	 12,     1,   124,
      553       553    1        /* 126 */	  2,   125,   124,
      554       554    1        /* 127 */	  9,    87,   126,
      555       555    1        /* 128 */	  9,    84,     5,
      556       556    1        /* 129 */	  9,   128,    10,
      557       557    1        /* 130 */	  2,     1,   124,
      558       558    1        /* 131 */	  9,   129,   130,
      559       559    1        /* 132 */	  2,     1,    11,
      560       560    1        /* 133 */	  9,    84,   132,
      561       561    1        /* 134 */	  9,   133,    10,
      562       562    1        /* 135 */	  2,    35,   124,
      563       563    1        /* 136 */	  9,   134,   135,
      564       564    1        /* 137 */	  2,    41,     2,
      565       565    1        /* 138 */	  9,   136,   137,
      566       566    1        /* 139 */	  5,    35,    24,
      567       567    1        /* 140 */	  9,   134,   139,
      568       568    1        /* 141 */	  6,    35,   107,
      569       569    1        /* 142 */	  9,   140,   141,
      570       570    1        /* 143 */	  9,   142,   137,
      571       571    1        /* 144 */	  1,     7,     0,
      572       572    1        /* 145 */	  2,    35,     2,
      573       573    1        /* 146 */	  9,   134,   145,
      574       574    1        /* 147 */	  9,   146,   137,
      575       575    1        /* 148 */	  1,     8,     0,
      576       576    1        /* 149 */	  2,   148,   124,
      577       577    1        /* 150 */	  9,   147,   149,
      578       578    1        /* 151 */	  1,     9,     0,
      579       579    1        /* 152 */	  2,   151,     2,
      580       580    1        /* 153 */	  9,   150,   152,
CC.C03    File=zbo$patterns:c.:ZBC3TOU                                              Fri Aug 22 1997  Page=17 
      581       581    1        /* 154 */	 27,     7,     0,
      582       582    1        /* 155 */	 29,    26,    76,
      583       583    1        /* 156 */	  9,    10,   155,
      584       584    1        /* 157 */	 29,    50,    76,
      585       585    1        /* 158 */	  9,    10,   157,
      586       586    1        /* 159 */	 15,     7,     1,
      587       587    1        /* 160 */	 29,   159,    76,
      588       588    1        /* 161 */	  9,    10,   160,
      589       589    1        /* 162 */	  3,     1,    24,
      590       590    1        /* 163 */	  9,    10,   162,
      591       591    1        /* 164 */	 16,     7,     1,
      592       592    1        /* 165 */	 12,     7,     1,
      593       593    1        /* 166 */	 10,     7,     1,
      594       594    1        /* 167 */	  9,    25,   118,
      595       595    1        /* 168 */	  9,   167,    88,
      596       596    1        /* 169 */	 11,     7,     1,
      597       597    1        /* 170 */	 31,     7,     1,
      598       598    1        /* 171 */	 14,    76,     1,
      599       599    1        /* 172 */	 31,     7,   171,
      600       600    1        /* 173 */	 20,     7,     0,
      601       601    1        /* 174 */	 29,   173,    76,
      602       602    1        /* 175 */	  9,     3,   174,
      603       603    1        /* 176 */	 22,     7,     0,
      604       604    1        /* 177 */	 23,     2,    24,
      605       605    1        /* 178 */	  5,     7,   177,
      606       606    1        /* 179 */	  9,    10,   178,
      607       607    1        /* 180 */	 23,     2,    11,
      608       608    1        /* 181 */	 13,   177,   180,
      609       609    1        /* 182 */	  7,     7,   181,
      610       610    1        /* 183 */	  9,   179,   182,
      611       611    1        /* 184 */	 14,     7,   177,
      612       612    1        /* 185 */	 23,     2,    14,
      613       613    1        /* 186 */	 15,   184,   185,
      614       614    1        /* 187 */	  5,     7,    24,
      615       615    1        /* 188 */	  7,     7,    24,
      616       616    1        /* 189 */	  4,     7,    24,
      617       617    1        /* 190 */	  6,     7,    24,
CC.C03    File=zbo$patterns:c.:ZBC3TOU                                              Fri Aug 22 1997  Page=18 
      618       618    1        /* 191 */	  3,     7,     1,
      619       619    1        /* 192 */	  5,     7,     1,
      620       620    1        /* 193 */	  7,     7,     1,
      621       621    1        /* 194 */	  4,     7,     1,
      622       622    1        /* 195 */	  6,     7,     1,
      623       623    1        /* 196 */	  4,     1,    62,
      624       624    1        /* 197 */	  9,    64,   196,
      625       625    1        /* 198 */	  7,     8,    50,
      626       626    1        /* 199 */	  5,     8,    26,
      627       627    1        /* 200 */	  8,   198,   199,
      628       628    1        /* 201 */	  9,   197,   200,
      629       629    1        /* 202 */	 27,    63,     0,
      630       630    1        /* 203 */	 21,   202,     0,
      631       631    1        /* 204 */	  8,   203,   198,
      632       632    1        /* 205 */	  8,   204,   199,
      633       633    1        /* 206 */	  9,   197,   205,
      634       634    1        /* 207 */	  9,   187,     3,
      635       635    1        /* 208 */	  9,   207,    88,
      636       636    1        /* 209 */	  9,     3,    88,
      637       637    1        /* 210 */	  5,     1,    24,
      638       638    1        /* 211 */	  9,    63,   210,
      639       639    1        /* 212 */	 15,     7,    52,
      640       640    1        /* 213 */	  6,     1,   212,
      641       641    1        /* 214 */	  9,   211,   213,
      642       642    1        /* 215 */	 16,     1,    76,
      643       643    1        /* 216 */	 15,   215,     2,
      644       644    1        /* 217 */	 14,    76,    11,
      645       645    1        /* 218 */	 12,     1,   217,
      646       646    1        /* 219 */	  9,    88,   210,
      647       647    1        /* 220 */	 15,    96,     2,
      648       648    1        /* 221 */	  6,     1,   220,
      649       649    1        /* 222 */	  9,   219,   221,
      650       650    1        /* 223 */	 13,     7,   216,
      651       651    1        /* 224 */	 15,    52,     1,
      652       652    1        /* 225 */	  5,     7,   224,
      653       653    1        /* 226 */	  8,   190,   225,
      654       654    1        /* 227 */	  2,     7,     4,
CC.C03    File=zbo$patterns:c.:ZBC3TOU                                              Fri Aug 22 1997  Page=19 
      655       655    1        /* 228 */	  9,    10,   227,
      656       656    1        /* 229 */	  9,    88,   227,
      657       657    1        /* 230 */	  9,   228,   191,
      658       658    1        /* 231 */	  9,   229,   191,
      659       659    1        /* 232 */	  2,     1,    62,
      660       660    1        /* 233 */	  2,   144,    62,
      661       661    1        /* 234 */	  9,   232,   233,
      662       662    1        /* 235 */	  2,     8,    24,
      663       663    1        /* 236 */	  2,     4,    24,
      664       664    1        /* 237 */	 13,   235,   236,
      665       665    1        /* 238 */	  2,    35,    24,
      666       666    1        /* 239 */	 13,   237,   238,
      667       667    1        /* 240 */	  2,    41,    24,
      668       668    1        /* 241 */	 13,   239,   240,
      669       669    1        /* 242 */	  4,   241,    14,
      670       670    1        /* 243 */	  9,   234,   242,
      671       671    1        /* 244 */	 15,    95,     2,
      672       672    1        /* 245 */	 13,     7,   244,
      673       673    1        /* 246 */	 13,     7,     2,
      674       674    1        /* 247 */	  2,     1,    14,
      675       675    1        /* 248 */	  2,    35,    14,
      676       676    1        /* 249 */	  9,   247,   248,
      677       677    1        /* 250 */	 24,     1,     0,
      678       678    1        /* 251 */	 21,   250,     0,
      679       679    1        /* 252 */	  3,    35,    30,
      680       680    1        /* 253 */	  8,   251,   252,
      681       681    1        /* 254 */	  9,    64,   253,
      682       682    1        /* 255 */	  9,    64,   252,
      683       683    1        /* 256 */	  9,    32,    10,
      684       684    1        /* 257 */	  2,     7,    15,
      685       685    1        /* 258 */	  9,   257,    88,
      686       686    1        /* 259 */	  2,     8,    14,
      687       687    1        /* 260 */	  9,     3,   259,
      688       688    1        /* 261 */	 13,     7,     4,
      689       689    1        /* 262 */	  2,   261,    24,
      690       690    1        /* 263 */	  2,     1,     8,
      691       691    1        /* 264 */	  9,   262,   263,
CC.C03    File=zbo$patterns:c.:ZBC3TOU                                              Fri Aug 22 1997  Page=20 
      692       692    1        /* 265 */	  2,     2,    30,
      693       693    1        /* 266 */	  9,   264,   265,
      694       694    1        /* 267 */	 13,     7,    41,
      695       695    1        /* 268 */	  2,   267,    24,
      696       696    1        /* 269 */	  9,   268,    64,
      697       697    1        /* 270 */	  2,     8,    30,
      698       698    1        /* 271 */	  9,   269,   270,
      699       699    1        /* 272 */	  2,    35,    30,
      700       700    1        /* 273 */	  9,   271,   272,
      701       701    1        };
      702       702
      703       703             iarg_t iargs[9];
      704       704             static char rcsid[] = "$Header: patterns,v 2.17 87/04/03 16:21:24 ceriel Exp $
                               ";
---  Include file information  ---

   zbo$param:h.:ZBC3TOU. is referenced
   zbo$types:h.:ZBC3TOU. is referenced
   zbo$pattern:h.:ZBC3TOU. is referenced

No diagnostics were issued in the file zbo$patterns:c.:ZBC3TOU
